OSI,Points:0,Points:1,Points:2
0.000414007,0.0512213,-1.09959e-17,0.0017
0.000421402,0.0512213,0.00019034,0.00168931
0.000435881,0.0512213,0.000378286,0.00165738
0.000448269,0.0512213,0.000561475,0.0016046
0.000457171,0.0512213,0.000737603,0.00153165
0.000462945,0.0512213,0.000904455,0.00143943
0.000466152,0.0512213,0.00105993,0.00132911
0.000467178,0.0512213,0.00120208,0.00120208
0.000466153,0.0512213,0.00132911,0.00105993
0.000462947,0.0512213,0.00143943,0.000904455
0.000457174,0.0512213,0.00153165,0.000737603
0.000448273,0.0512213,0.0016046,0.000561475
0.000435886,0.0512213,0.00165738,0.000378286
0.000421407,0.0512213,0.00168931,0.00019034
0.000414012,0.0512213,0.0017,-3.77476e-19
0.000413999,0.0512213,-0.0017,3.77476e-19
0.000421394,0.0512213,-0.00168931,0.00019034
0.000435873,0.0512213,-0.00165738,0.000378286
0.000448261,0.0512213,-0.0016046,0.000561475
0.000457161,0.0512213,-0.00153165,0.000737603
0.000462935,0.0512213,-0.00143943,0.000904455
0.000466142,0.0512213,-0.00132911,0.00105993
0.000467167,0.0512213,-0.00120208,0.00120208
0.000466143,0.0512213,-0.00105993,0.00132911
0.000462938,0.0512213,-0.000904455,0.00143943
0.000457165,0.0512213,-0.000737603,0.00153165
0.000448265,0.0512213,-0.000561475,0.0016046
0.000435879,0.0512213,-0.000378286,0.00165738
0.0004214,0.0512213,-0.00019034,0.00168931
0.000414006,0.0512213,-1.17509e-17,-0.0017
0.0004214,0.0512213,-0.00019034,-0.00168931
0.000435879,0.0512213,-0.000378286,-0.00165738
0.000448265,0.0512213,-0.000561475,-0.0016046
0.000457165,0.0512213,-0.000737603,-0.00153165
0.000462936,0.0512213,-0.000904455,-0.00143943
0.000466142,0.0512213,-0.00105993,-0.00132911
0.000467167,0.0512213,-0.00120208,-0.00120208
0.000466142,0.0512213,-0.00132911,-0.00105993
0.000462935,0.0512213,-0.00143943,-0.000904455
0.000457161,0.0512213,-0.00153165,-0.000737603
0.00044826,0.0512213,-0.0016046,-0.000561475
0.000435873,0.0512213,-0.00165738,-0.000378286
0.000421394,0.0512213,-0.00168931,-0.00019034
0.000421407,0.0512213,0.00168931,-0.00019034
0.000435886,0.0512213,0.00165738,-0.000378286
0.000448273,0.0512213,0.0016046,-0.000561475
0.000457174,0.0512213,0.00153165,-0.000737603
0.000462947,0.0512213,0.00143943,-0.000904455
0.000466153,0.0512213,0.00132911,-0.00105993
0.000467178,0.0512213,0.00120208,-0.00120208
0.000466152,0.0512213,0.00105993,-0.00132911
0.000462945,0.0512213,0.000904455,-0.00143943
0.000457171,0.0512213,0.000737603,-0.00153165
0.000448269,0.0512213,0.000561475,-0.0016046
0.000435881,0.0512213,0.000378286,-0.00165738
0.000421402,0.0512213,0.00019034,-0.00168931
0.000414033,0.0516035,-1.10808e-17,0.0017
0.000421428,0.0516035,0.00019034,0.00168931
0.000435908,0.0516035,0.000378286,0.00165738
0.000448297,0.0516035,0.000561475,0.0016046
0.000457199,0.0516035,0.000737603,0.00153165
0.000462974,0.0516035,0.000904455,0.00143943
0.000466181,0.0516035,0.00105993,0.00132911
0.000467207,0.0516035,0.00120208,0.00120208
0.000466183,0.0516035,0.00132911,0.00105993
0.000462977,0.0516035,0.00143943,0.000904455
0.000457203,0.0516035,0.00153165,0.000737603
0.000448303,0.0516035,0.0016046,0.000561475
0.000435916,0.0516035,0.00165738,0.000378286
0.000421436,0.0516035,0.00168931,0.00019034
0.000414041,0.0516035,0.0017,-3.77476e-19
0.000414023,0.0516035,-0.0017,3.77476e-19
0.000421418,0.0516035,-0.00168931,0.00019034
0.000435897,0.0516035,-0.00165738,0.000378286
0.000448285,0.0516035,-0.0016046,0.000561475
0.000457187,0.0516035,-0.00153165,0.000737603
0.00046296,0.0516035,-0.00143943,0.000904455
0.000466168,0.0516035,-0.00132911,0.00105993
0.000467194,0.0516035,-0.00120208,0.00120208
0.000466169,0.0516035,-0.00105993,0.00132911
0.000462963,0.0516035,-0.000904455,0.00143943
0.000457191,0.0516035,-0.000737603,0.00153165
0.000448291,0.0516035,-0.000561475,0.0016046
0.000435904,0.0516035,-0.000378286,0.00165738
0.000421426,0.0516035,-0.00019034,0.00168931
0.000414032,0.0516035,-1.18358e-17,-0.0017
0.000421426,0.0516035,-0.00019034,-0.00168931
0.000435904,0.0516035,-0.000378286,-0.00165738
0.000448291,0.0516035,-0.000561475,-0.0016046
0.000457191,0.0516035,-0.000737603,-0.00153165
0.000462963,0.0516035,-0.000904455,-0.00143943
0.000466168,0.0516035,-0.00105993,-0.00132911
0.000467194,0.0516035,-0.00120208,-0.00120208
0.000466168,0.0516035,-0.00132911,-0.00105993
0.00046296,0.0516035,-0.00143943,-0.000904455
0.000457186,0.0516035,-0.00153165,-0.000737603
0.000448285,0.0516035,-0.0016046,-0.000561475
0.000435897,0.0516035,-0.00165738,-0.000378286
0.000421418,0.0516035,-0.00168931,-0.00019034
0.000421436,0.0516035,0.00168931,-0.00019034
0.000435916,0.0516035,0.00165738,-0.000378286
0.000448303,0.0516035,0.0016046,-0.000561475
0.000457203,0.0516035,0.00153165,-0.000737603
0.000462977,0.0516035,0.00143943,-0.000904455
0.000466183,0.0516035,0.00132911,-0.00105993
0.000467207,0.0516035,0.00120208,-0.00120208
0.000466181,0.0516035,0.00105993,-0.00132911
0.000462974,0.0516035,0.000904455,-0.00143943
0.000457199,0.0516035,0.000737603,-0.00153165
0.000448297,0.0516035,0.000561475,-0.0016046
0.000435908,0.0516035,0.000378286,-0.00165738
0.000421428,0.0516035,0.00019034,-0.00168931
0.000414057,0.0519858,-1.11657e-17,0.0017
0.000421453,0.0519858,0.00019034,0.00168931
0.000435935,0.0519858,0.000378286,0.00165738
0.000448324,0.0519858,0.000561475,0.0016046
0.000457227,0.0519858,0.000737603,0.00153165
0.000463002,0.0519858,0.000904455,0.00143943
0.00046621,0.0519858,0.00105993,0.00132911
0.000467236,0.0519858,0.00120208,0.00120208
0.000466212,0.0519858,0.00132911,0.00105993
0.000463006,0.0519858,0.00143943,0.000904455
0.000457233,0.0519858,0.00153165,0.000737603
0.000448332,0.0519858,0.0016046,0.000561475
0.000435945,0.0519858,0.00165738,0.000378286
0.000421465,0.0519858,0.00168931,0.00019034
0.000414069,0.0519858,0.0017,-3.77476e-19
0.000414044,0.0519858,-0.0017,3.77476e-19
0.000421439,0.0519858,-0.00168931,0.00019034
0.000435919,0.0519858,-0.00165738,0.000378286
0.000448308,0.0519858,-0.0016046,0.000561475
0.00045721,0.0519858,-0.00153165,0.000737603
0.000462983,0.0519858,-0.00143943,0.000904455
0.000466191,0.0519858,-0.00132911,0.00105993
0.000467218,0.0519858,-0.00120208,0.00120208
0.000466193,0.0519858,-0.00105993,0.00132911
0.000462988,0.0519858,-0.000904455,0.00143943
0.000457215,0.0519858,-0.000737603,0.00153165
0.000448315,0.0519858,-0.000561475,0.0016046
0.000435929,0.0519858,-0.000378286,0.00165738
0.00042145,0.0519858,-0.00019034,0.00168931
0.000414054,0.0519858,-1.19206e-17,-0.0017
0.000421449,0.0519858,-0.00019034,-0.00168931
0.000435929,0.0519858,-0.000378286,-0.00165738
0.000448315,0.0519858,-0.000561475,-0.0016046
0.000457215,0.0519858,-0.000737603,-0.00153165
0.000462988,0.0519858,-0.000904455,-0.00143943
0.000466193,0.0519858,-0.00105993,-0.00132911
0.000467218,0.0519858,-0.00120208,-0.00120208
0.000466191,0.0519858,-0.00132911,-0.00105993
0.000462983,0.0519858,-0.00143943,-0.000904455
0.000457209,0.0519858,-0.00153165,-0.000737603
0.000448308,0.0519858,-0.0016046,-0.000561475
0.000435919,0.0519858,-0.00165738,-0.000378286
0.000421439,0.0519858,-0.00168931,-0.00019034
0.000421465,0.0519858,0.00168931,-0.00019034
0.000435945,0.0519858,0.00165738,-0.000378286
0.000448332,0.0519858,0.0016046,-0.000561475
0.000457233,0.0519858,0.00153165,-0.000737603
0.000463006,0.0519858,0.00143943,-0.000904455
0.000466212,0.0519858,0.00132911,-0.00105993
0.000467236,0.0519858,0.00120208,-0.00120208
0.00046621,0.0519858,0.00105993,-0.00132911
0.000463002,0.0519858,0.000904455,-0.00143943
0.000457227,0.0519858,0.000737603,-0.00153165
0.000448324,0.0519858,0.000561475,-0.0016046
0.000435934,0.0519858,0.000378286,-0.00165738
0.000421452,0.0519858,0.00019034,-0.00168931
0.00041408,0.052368,-1.12506e-17,0.0017
0.000421478,0.052368,0.00019034,0.00168931
0.00043596,0.052368,0.000378286,0.00165738
0.00044835,0.052368,0.000561475,0.0016046
0.000457254,0.052368,0.000737603,0.00153165
0.00046303,0.052368,0.000904455,0.00143943
0.000466238,0.052368,0.00105993,0.00132911
0.000467265,0.052368,0.00120208,0.00120208
0.000466241,0.052368,0.00132911,0.00105993
0.000463036,0.052368,0.00143943,0.000904455
0.000457263,0.052368,0.00153165,0.000737603
0.000448361,0.052368,0.0016046,0.000561475
0.000435973,0.052368,0.00165738,0.000378286
0.000421494,0.052368,0.00168931,0.00019034
0.000414099,0.052368,0.0017,-3.77476e-19
0.000414062,0.052368,-0.0017,3.77476e-19
0.000421457,0.052368,-0.00168931,0.00019034
0.000435938,0.052368,-0.00165738,0.000378286
0.000448327,0.052368,-0.0016046,0.000561475
0.000457229,0.052368,-0.00153165,0.000737603
0.000463004,0.052368,-0.00143943,0.000904455
0.000466213,0.052368,-0.00132911,0.00105993
0.000467239,0.052368,-0.00120208,0.00120208
0.000466215,0.052368,-0.00105993,0.00132911
0.00046301,0.052368,-0.000904455,0.00143943
0.000457238,0.052368,-0.000737603,0.00153165
0.000448338,0.052368,-0.000561475,0.0016046
0.000435952,0.052368,-0.000378286,0.00165738
0.000421474,0.052368,-0.00019034,0.00168931
0.000414078,0.052368,-1.20055e-17,-0.0017
0.000421473,0.052368,-0.00019034,-0.00168931
0.000435952,0.052368,-0.000378286,-0.00165738
0.000448338,0.052368,-0.000561475,-0.0016046
0.000457238,0.052368,-0.000737603,-0.00153165
0.000463011,0.052368,-0.000904455,-0.00143943
0.000466215,0.052368,-0.00105993,-0.00132911
0.000467239,0.052368,-0.00120208,-0.00120208
0.000466213,0.052368,-0.00132911,-0.00105993
0.000463004,0.052368,-0.00143943,-0.000904455
0.000457229,0.052368,-0.00153165,-0.000737603
0.000448327,0.052368,-0.0016046,-0.000561475
0.000435938,0.052368,-0.00165738,-0.000378286
0.000421457,0.052368,-0.00168931,-0.00019034
0.000421494,0.052368,0.00168931,-0.00019034
0.000435973,0.052368,0.00165738,-0.000378286
0.000448361,0.052368,0.0016046,-0.000561475
0.000457263,0.052368,0.00153165,-0.000737603
0.000463035,0.052368,0.00143943,-0.000904455
0.000466241,0.052368,0.00132911,-0.00105993
0.000467265,0.052368,0.00120208,-0.00120208
0.000466238,0.052368,0.00105993,-0.00132911
0.000463029,0.052368,0.000904455,-0.00143943
0.000457253,0.052368,0.000737603,-0.00153165
0.000448349,0.052368,0.000561475,-0.0016046
0.000435959,0.052368,0.000378286,-0.00165738
0.000421476,0.052368,0.00019034,-0.00168931
0.000414103,0.0527503,-1.13354e-17,0.0017
0.000421501,0.0527503,0.00019034,0.00168931
0.000435985,0.0527503,0.000378286,0.00165738
0.000448377,0.0527503,0.000561475,0.0016046
0.000457282,0.0527503,0.000737603,0.00153165
0.000463058,0.0527503,0.000904455,0.00143943
0.000466267,0.0527503,0.00105993,0.00132911
0.000467294,0.0527503,0.00120208,0.00120208
0.000466271,0.0527503,0.00132911,0.00105993
0.000463066,0.0527503,0.00143943,0.000904455
0.000457293,0.0527503,0.00153165,0.000737603
0.000448392,0.0527503,0.0016046,0.000561475
0.000436003,0.0527503,0.00165738,0.000378286
0.000421523,0.0527503,0.00168931,0.00019034
0.000414129,0.0527503,0.0017,-3.77476e-19
0.000414077,0.0527503,-0.0017,3.77476e-19
0.000421473,0.0527503,-0.00168931,0.00019034
0.000435954,0.0527503,-0.00165738,0.000378286
0.000448344,0.0527503,-0.0016046,0.000561475
0.000457247,0.0527503,-0.00153165,0.000737603
0.000463022,0.0527503,-0.00143943,0.000904455
0.000466231,0.0527503,-0.00132911,0.00105993
0.000467258,0.0527503,-0.00120208,0.00120208
0.000466235,0.0527503,-0.00105993,0.00132911
0.000463031,0.0527503,-0.000904455,0.00143943
0.000457259,0.0527503,-0.000737603,0.00153165
0.000448359,0.0527503,-0.000561475,0.0016046
0.000435974,0.0527503,-0.000378286,0.00165738
0.000421496,0.0527503,-0.00019034,0.00168931
0.000414102,0.0527503,-1.20904e-17,-0.0017
0.000421496,0.0527503,-0.00019034,-0.00168931
0.000435974,0.0527503,-0.000378286,-0.00165738
0.000448359,0.0527503,-0.000561475,-0.0016046
0.000457259,0.0527503,-0.000737603,-0.00153165
0.000463031,0.0527503,-0.000904455,-0.00143943
0.000466235,0.0527503,-0.00105993,-0.00132911
0.000467258,0.0527503,-0.00120208,-0.00120208
0.000466231,0.0527503,-0.00132911,-0.00105993
0.000463022,0.0527503,-0.00143943,-0.000904455
0.000457247,0.0527503,-0.00153165,-0.000737603
0.000448344,0.0527503,-0.0016046,-0.000561475
0.000435954,0.0527503,-0.00165738,-0.000378286
0.000421473,0.0527503,-0.00168931,-0.00019034
0.000421523,0.0527503,0.00168931,-0.00019034
0.000436003,0.0527503,0.00165738,-0.000378286
0.000448392,0.0527503,0.0016046,-0.000561475
0.000457293,0.0527503,0.00153165,-0.000737603
0.000463066,0.0527503,0.00143943,-0.000904455
0.000466271,0.0527503,0.00132911,-0.00105993
0.000467294,0.0527503,0.00120208,-0.00120208
0.000466267,0.0527503,0.00105993,-0.00132911
0.000463056,0.0527503,0.000904455,-0.00143943
0.00045728,0.0527503,0.000737603,-0.00153165
0.000448375,0.0527503,0.000561475,-0.0016046
0.000435984,0.0527503,0.000378286,-0.00165738
0.0004215,0.0527503,0.00019034,-0.00168931
0.000414123,0.0531325,-1.14203e-17,0.0017
0.000421523,0.0531325,0.00019034,0.00168931
0.000436008,0.0531325,0.000378286,0.00165738
0.000448401,0.0531325,0.000561475,0.0016046
0.000457308,0.0531325,0.000737603,0.00153165
0.000463086,0.0531325,0.000904455,0.00143943
0.000466296,0.0531325,0.00105993,0.00132911
0.000467324,0.0531325,0.00120208,0.00120208
0.000466302,0.0531325,0.00132911,0.00105993
0.000463097,0.0531325,0.00143943,0.000904455
0.000457325,0.0531325,0.00153165,0.000737603
0.000448424,0.0531325,0.0016046,0.000561475
0.000436035,0.0531325,0.00165738,0.000378286
0.000421554,0.0531325,0.00168931,0.00019034
0.000414159,0.0531325,0.0017,-3.77476e-19
0.000414089,0.0531325,-0.0017,3.77476e-19
0.000421485,0.0531325,-0.00168931,0.00019034
0.000435966,0.0531325,-0.00165738,0.000378286
0.000448357,0.0531325,-0.0016046,0.000561475
0.000457261,0.0531325,-0.00153165,0.000737603
0.000463036,0.0531325,-0.00143943,0.000904455
0.000466246,0.0531325,-0.00132911,0.00105993
0.000467274,0.0531325,-0.00120208,0.00120208
0.000466252,0.0531325,-0.00105993,0.00132911
0.000463049,0.0531325,-0.000904455,0.00143943
0.000457278,0.0531325,-0.000737603,0.00153165
0.000448379,0.0531325,-0.000561475,0.0016046
0.000435994,0.0531325,-0.000378286,0.00165738
0.000421516,0.0531325,-0.00019034,0.00168931
0.000414123,0.0531325,-1.21753e-17,-0.0017
0.000421516,0.0531325,-0.00019034,-0.00168931
0.000435994,0.0531325,-0.000378286,-0.00165738
0.000448379,0.0531325,-0.000561475,-0.0016046
0.000457278,0.0531325,-0.000737603,-0.00153165
0.000463049,0.0531325,-0.000904455,-0.00143943
0.000466252,0.0531325,-0.00105993,-0.00132911
0.000467274,0.0531325,-0.00120208,-0.00120208
0.000466246,0.0531325,-0.00132911,-0.00105993
0.000463036,0.0531325,-0.00143943,-0.000904455
0.000457261,0.0531325,-0.00153165,-0.000737603
0.000448357,0.0531325,-0.0016046,-0.000561475
0.000435967,0.0531325,-0.00165738,-0.000378286
0.000421485,0.0531325,-0.00168931,-0.00019034
0.000421554,0.0531325,0.00168931,-0.00019034
0.000436035,0.0531325,0.00165738,-0.000378286
0.000448424,0.0531325,0.0016046,-0.000561475
0.000457325,0.0531325,0.00153165,-0.000737603
0.000463097,0.0531325,0.00143943,-0.000904455
0.000466302,0.0531325,0.00132911,-0.00105993
0.000467324,0.0531325,0.00120208,-0.00120208
0.000466295,0.0531325,0.00105993,-0.00132911
0.000463084,0.0531325,0.000904455,-0.00143943
0.000457307,0.0531325,0.000737603,-0.00153165
0.000448401,0.0531325,0.000561475,-0.0016046
0.000436008,0.0531325,0.000378286,-0.00165738
0.000421523,0.0531325,0.00019034,-0.00168931
0.000414144,0.0535148,-1.15052e-17,0.0017
0.000421545,0.0535148,0.00019034,0.00168931
0.000436033,0.0535148,0.000378286,0.00165738
0.000448427,0.0535148,0.000561475,0.0016046
0.000457335,0.0535148,0.000737603,0.00153165
0.000463115,0.0535148,0.000904455,0.00143943
0.000466327,0.0535148,0.00105993,0.00132911
0.000467356,0.0535148,0.00120208,0.00120208
0.000466334,0.0535148,0.00132911,0.00105993
0.00046313,0.0535148,0.00143943,0.000904455
0.000457358,0.0535148,0.00153165,0.000737603
0.000448458,0.0535148,0.0016046,0.000561475
0.000436069,0.0535148,0.00165738,0.000378286
0.000421588,0.0535148,0.00168931,0.00019034
0.000414193,0.0535148,0.0017,-3.77476e-19
0.000414098,0.0535148,-0.0017,3.77476e-19
0.000421493,0.0535148,-0.00168931,0.00019034
0.000435975,0.0535148,-0.00165738,0.000378286
0.000448365,0.0535148,-0.0016046,0.000561475
0.00045727,0.0535148,-0.00153165,0.000737603
0.000463046,0.0535148,-0.00143943,0.000904455
0.000466256,0.0535148,-0.00132911,0.00105993
0.000467285,0.0535148,-0.00120208,0.00120208
0.000466264,0.0535148,-0.00105993,0.00132911
0.000463062,0.0535148,-0.000904455,0.00143943
0.000457293,0.0535148,-0.000737603,0.00153165
0.000448396,0.0535148,-0.000561475,0.0016046
0.000436012,0.0535148,-0.000378286,0.00165738
0.000421535,0.0535148,-0.00019034,0.00168931
0.000414144,0.0535148,-1.22601e-17,-0.0017
0.000421535,0.0535148,-0.00019034,-0.00168931
0.000436012,0.0535148,-0.000378286,-0.00165738
0.000448396,0.0535148,-0.000561475,-0.0016046
0.000457293,0.0535148,-0.000737603,-0.00153165
0.000463062,0.0535148,-0.000904455,-0.00143943
0.000466265,0.0535148,-0.00105993,-0.00132911
0.000467286,0.0535148,-0.00120208,-0.00120208
0.000466257,0.0535148,-0.00132911,-0.00105993
0.000463046,0.0535148,-0.00143943,-0.000904455
0.00045727,0.0535148,-0.00153165,-0.000737603
0.000448365,0.0535148,-0.0016046,-0.000561475
0.000435975,0.0535148,-0.00165738,-0.000378286
0.000421493,0.0535148,-0.00168931,-0.00019034
0.000421588,0.0535148,0.00168931,-0.00019034
0.000436068,0.0535148,0.00165738,-0.000378286
0.000448457,0.0535148,0.0016046,-0.000561475
0.000457358,0.0535148,0.00153165,-0.000737603
0.000463129,0.0535148,0.00143943,-0.000904455
0.000466333,0.0535148,0.00132911,-0.00105993
0.000467355,0.0535148,0.00120208,-0.00120208
0.000466326,0.0535148,0.00105993,-0.00132911
0.000463114,0.0535148,0.000904455,-0.00143943
0.000457335,0.0535148,0.000737603,-0.00153165
0.000448427,0.0535148,0.000561475,-0.0016046
0.000436033,0.0535148,0.000378286,-0.00165738
0.000421546,0.0535148,0.00019034,-0.00168931
0.000414162,0.053897,-1.15901e-17,0.0017
0.000421566,0.053897,0.00019034,0.00168931
0.000436057,0.053897,0.000378286,0.00165738
0.000448454,0.053897,0.000561475,0.0016046
0.000457364,0.053897,0.000737603,0.00153165
0.000463145,0.053897,0.000904455,0.00143943
0.000466359,0.053897,0.00105993,0.00132911
0.00046739,0.053897,0.00120208,0.00120208
0.000466371,0.053897,0.00132911,0.00105993
0.000463167,0.053897,0.00143943,0.000904455
0.000457395,0.053897,0.00153165,0.000737603
0.000448495,0.053897,0.0016046,0.000561475
0.000436108,0.053897,0.00165738,0.000378286
0.000421626,0.053897,0.00168931,0.00019034
0.00041423,0.053897,0.0017,-3.77476e-19
0.000414099,0.053897,-0.0017,3.77476e-19
0.000421495,0.053897,-0.00168931,0.00019034
0.000435977,0.053897,-0.00165738,0.000378286
0.000448369,0.053897,-0.0016046,0.000561475
0.000457274,0.053897,-0.00153165,0.000737603
0.000463051,0.053897,-0.00143943,0.000904455
0.000466262,0.053897,-0.00132911,0.00105993
0.000467292,0.053897,-0.00120208,0.00120208
0.000466272,0.053897,-0.00105993,0.00132911
0.000463072,0.053897,-0.000904455,0.00143943
0.000457304,0.053897,-0.000737603,0.00153165
0.000448408,0.053897,-0.000561475,0.0016046
0.000436026,0.053897,-0.000378286,0.00165738
0.000421551,0.053897,-0.00019034,0.00168931
0.000414164,0.053897,-1.2345e-17,-0.0017
0.000421553,0.053897,-0.00019034,-0.00168931
0.000436027,0.053897,-0.000378286,-0.00165738
0.00044841,0.053897,-0.000561475,-0.0016046
0.000457306,0.053897,-0.000737603,-0.00153165
0.000463073,0.053897,-0.000904455,-0.00143943
0.000466274,0.053897,-0.00105993,-0.00132911
0.000467294,0.053897,-0.00120208,-0.00120208
0.000466263,0.053897,-0.00132911,-0.00105993
0.000463051,0.053897,-0.00143943,-0.000904455
0.000457274,0.053897,-0.00153165,-0.000737603
0.000448369,0.053897,-0.0016046,-0.000561475
0.000435977,0.053897,-0.00165738,-0.000378286
0.000421495,0.053897,-0.00168931,-0.00019034
0.000421626,0.053897,0.00168931,-0.00019034
0.000436107,0.053897,0.00165738,-0.000378286
0.000448495,0.053897,0.0016046,-0.000561475
0.000457395,0.053897,0.00153165,-0.000737603
0.000463166,0.053897,0.00143943,-0.000904455
0.000466369,0.053897,0.00132911,-0.00105993
0.00046739,0.053897,0.00120208,-0.00120208
0.000466359,0.053897,0.00105993,-0.00132911
0.000463145,0.053897,0.000904455,-0.00143943
0.000457364,0.053897,0.000737603,-0.00153165
0.000448454,0.053897,0.000561475,-0.0016046
0.000436057,0.053897,0.000378286,-0.00165738
0.000421568,0.053897,0.00019034,-0.00168931
0.00041418,0.0542793,-1.16749e-17,0.0017
0.000421587,0.0542793,0.00019034,0.00168931
0.00043608,0.0542793,0.000378286,0.00165738
0.000448481,0.0542793,0.000561475,0.0016046
0.000457394,0.0542793,0.000737603,0.00153165
0.000463178,0.0542793,0.000904455,0.00143943
0.000466394,0.0542793,0.00105993,0.00132911
0.000467428,0.0542793,0.00120208,0.00120208
0.000466411,0.0542793,0.00132911,0.00105993
0.000463209,0.0542793,0.00143943,0.000904455
0.000457439,0.0542793,0.00153165,0.000737603
0.000448539,0.0542793,0.0016046,0.000561475
0.000436152,0.0542793,0.00165738,0.000378286
0.00042167,0.0542793,0.00168931,0.00019034
0.000414273,0.0542793,0.0017,-3.77476e-19
0.000414092,0.0542793,-0.0017,3.77476e-19
0.000421488,0.0542793,-0.00168931,0.00019034
0.000435971,0.0542793,-0.00165738,0.000378286
0.000448364,0.0542793,-0.0016046,0.000561475
0.00045727,0.0542793,-0.00153165,0.000737603
0.000463049,0.0542793,-0.00143943,0.000904455
0.000466262,0.0542793,-0.00132911,0.00105993
0.000467294,0.0542793,-0.00120208,0.00120208
0.000466276,0.0542793,-0.00105993,0.00132911
0.000463078,0.0542793,-0.000904455,0.00143943
0.000457313,0.0542793,-0.000737603,0.00153165
0.000448419,0.0542793,-0.000561475,0.0016046
0.000436039,0.0542793,-0.000378286,0.00165738
0.000421567,0.0542793,-0.00019034,0.00168931
0.000414183,0.0542793,-1.24299e-17,-0.0017
0.000421568,0.0542793,-0.00019034,-0.00168931
0.00043604,0.0542793,-0.000378286,-0.00165738
0.000448421,0.0542793,-0.000561475,-0.0016046
0.000457314,0.0542793,-0.000737603,-0.00153165
0.000463079,0.0542793,-0.000904455,-0.00143943
0.000466277,0.0542793,-0.00105993,-0.00132911
0.000467295,0.0542793,-0.00120208,-0.00120208
0.000466263,0.0542793,-0.00132911,-0.00105993
0.00046305,0.0542793,-0.00143943,-0.000904455
0.00045727,0.0542793,-0.00153165,-0.000737603
0.000448364,0.0542793,-0.0016046,-0.000561475
0.000435971,0.0542793,-0.00165738,-0.000378286
0.000421488,0.0542793,-0.00168931,-0.00019034
0.00042167,0.0542793,0.00168931,-0.00019034
0.000436152,0.0542793,0.00165738,-0.000378286
0.000448539,0.0542793,0.0016046,-0.000561475
0.000457439,0.0542793,0.00153165,-0.000737603
0.000463208,0.0542793,0.00143943,-0.000904455
0.00046641,0.0542793,0.00132911,-0.00105993
0.000467428,0.0542793,0.00120208,-0.00120208
0.000466394,0.0542793,0.00105993,-0.00132911
0.000463178,0.0542793,0.000904455,-0.00143943
0.000457394,0.0542793,0.000737603,-0.00153165
0.000448482,0.0542793,0.000561475,-0.0016046
0.000436082,0.0542793,0.000378286,-0.00165738
0.000421589,0.0542793,0.00019034,-0.00168931
0.000414199,0.0546615,-1.17598e-17,0.0017
0.00042161,0.0546615,0.00019034,0.00168931
0.000436107,0.0546615,0.000378286,0.00165738
0.000448511,0.0546615,0.000561475,0.0016046
0.000457429,0.0546615,0.000737603,0.00153165
0.000463216,0.0546615,0.000904455,0.00143943
0.000466436,0.0546615,0.00105993,0.00132911
0.000467473,0.0546615,0.00120208,0.00120208
0.000466457,0.0546615,0.00132911,0.00105993
0.000463258,0.0546615,0.00143943,0.000904455
0.000457489,0.0546615,0.00153165,0.000737603
0.000448591,0.0546615,0.0016046,0.000561475
0.000436204,0.0546615,0.00165738,0.000378286
0.000421723,0.0546615,0.00168931,0.00019034
0.000414327,0.0546615,0.0017,-3.77476e-19
0.000414075,0.0546615,-0.0017,3.77476e-19
0.000421472,0.0546615,-0.00168931,0.00019034
0.000435955,0.0546615,-0.00165738,0.000378286
0.000448348,0.0546615,-0.0016046,0.000561475
0.000457256,0.0546615,-0.00153165,0.000737603
0.000463037,0.0546615,-0.00143943,0.000904455
0.000466253,0.0546615,-0.00132911,0.00105993
0.000467288,0.0546615,-0.00120208,0.00120208
0.000466273,0.0546615,-0.00105993,0.00132911
0.000463078,0.0546615,-0.000904455,0.00143943
0.000457316,0.0546615,-0.000737603,0.00153165
0.000448426,0.0546615,-0.000561475,0.0016046
0.00043605,0.0546615,-0.000378286,0.00165738
0.000421582,0.0546615,-0.00019034,0.00168931
0.0004142,0.0546615,-1.25148e-17,-0.0017
0.000421582,0.0546615,-0.00019034,-0.00168931
0.00043605,0.0546615,-0.000378286,-0.00165738
0.000448427,0.0546615,-0.000561475,-0.0016046
0.000457317,0.0546615,-0.000737603,-0.00153165
0.000463078,0.0546615,-0.000904455,-0.00143943
0.000466274,0.0546615,-0.00105993,-0.00132911
0.000467288,0.0546615,-0.00120208,-0.00120208
0.000466254,0.0546615,-0.00132911,-0.00105993
0.000463039,0.0546615,-0.00143943,-0.000904455
0.000457257,0.0546615,-0.00153165,-0.000737603
0.000448348,0.0546615,-0.0016046,-0.000561475
0.000435955,0.0546615,-0.00165738,-0.000378286
0.000421472,0.0546615,-0.00168931,-0.00019034
0.000421723,0.0546615,0.00168931,-0.00019034
0.000436204,0.0546615,0.00165738,-0.000378286
0.000448591,0.0546615,0.0016046,-0.000561475
0.000457489,0.0546615,0.00153165,-0.000737603
0.000463258,0.0546615,0.00143943,-0.000904455
0.000466457,0.0546615,0.00132911,-0.00105993
0.000467473,0.0546615,0.00120208,-0.00120208
0.000466436,0.0546615,0.00105993,-0.00132911
0.000463216,0.0546615,0.000904455,-0.00143943
0.000457429,0.0546615,0.000737603,-0.00153165
0.000448512,0.0546615,0.000561475,-0.0016046
0.000436108,0.0546615,0.000378286,-0.00165738
0.000421611,0.0546615,0.00019034,-0.00168931
0.000414216,0.0550438,-1.18447e-17,0.0017
0.000421633,0.0550438,0.00019034,0.00168931
0.000436136,0.0550438,0.000378286,0.00165738
0.000448546,0.0550438,0.000561475,0.0016046
0.000457468,0.0550438,0.000737603,0.00153165
0.000463261,0.0550438,0.000904455,0.00143943
0.000466485,0.0550438,0.00105993,0.00132911
0.000467525,0.0550438,0.00120208,0.00120208
0.000466513,0.0550438,0.00132911,0.00105993
0.000463317,0.0550438,0.00143943,0.000904455
0.000457551,0.0550438,0.00153165,0.000737603
0.000448655,0.0550438,0.0016046,0.000561475
0.000436269,0.0550438,0.00165738,0.000378286
0.000421788,0.0550438,0.00168931,0.00019034
0.000414392,0.0550438,0.0017,-3.77476e-19
0.000414045,0.0550438,-0.0017,3.77476e-19
0.000421442,0.0550438,-0.00168931,0.00019034
0.000435925,0.0550438,-0.00165738,0.000378286
0.00044832,0.0550438,-0.0016046,0.000561475
0.00045723,0.0550438,-0.00153165,0.000737603
0.000463013,0.0550438,-0.00143943,0.000904455
0.000466232,0.0550438,-0.00132911,0.00105993
0.000467271,0.0550438,-0.00120208,0.00120208
0.00046626,0.0550438,-0.00105993,0.00132911
0.000463069,0.0550438,-0.000904455,0.00143943
0.000457312,0.0550438,-0.000737603,0.00153165
0.000448428,0.0550438,-0.000561475,0.0016046
0.000436057,0.0550438,-0.000378286,0.00165738
0.000421593,0.0550438,-0.00019034,0.00168931
0.000414217,0.0550438,-1.25997e-17,-0.0017
0.000421593,0.0550438,-0.00019034,-0.00168931
0.000436057,0.0550438,-0.000378286,-0.00165738
0.000448428,0.0550438,-0.000561475,-0.0016046
0.000457313,0.0550438,-0.000737603,-0.00153165
0.000463069,0.0550438,-0.000904455,-0.00143943
0.000466261,0.0550438,-0.00105993,-0.00132911
0.000467272,0.0550438,-0.00120208,-0.00120208
0.000466233,0.0550438,-0.00132911,-0.00105993
0.000463014,0.0550438,-0.00143943,-0.000904455
0.000457231,0.0550438,-0.00153165,-0.000737603
0.00044832,0.0550438,-0.0016046,-0.000561475
0.000435925,0.0550438,-0.00165738,-0.000378286
0.000421442,0.0550438,-0.00168931,-0.00019034
0.000421788,0.0550438,0.00168931,-0.00019034
0.000436269,0.0550438,0.00165738,-0.000378286
0.000448655,0.0550438,0.0016046,-0.000561475
0.000457551,0.0550438,0.00153165,-0.000737603
0.000463317,0.0550438,0.00143943,-0.000904455
0.000466513,0.0550438,0.00132911,-0.00105993
0.000467525,0.0550438,0.00120208,-0.00120208
0.000466485,0.0550438,0.00105993,-0.00132911
0.000463261,0.0550438,0.000904455,-0.00143943
0.000457469,0.0550438,0.000737603,-0.00153165
0.000448546,0.0550438,0.000561475,-0.0016046
0.000436136,0.0550438,0.000378286,-0.00165738
0.000421634,0.0550438,0.00019034,-0.00168931
0.000414233,0.055426,-1.19296e-17,0.0017
0.000421657,0.055426,0.00019034,0.00168931
0.000436167,0.055426,0.000378286,0.00165738
0.000448585,0.055426,0.000561475,0.0016046
0.000457514,0.055426,0.000737603,0.00153165
0.000463314,0.055426,0.000904455,0.00143943
0.000466545,0.055426,0.00105993,0.00132911
0.00046759,0.055426,0.00120208,0.00120208
0.000466583,0.055426,0.00132911,0.00105993
0.000463392,0.055426,0.00143943,0.000904455
0.000457629,0.055426,0.00153165,0.000737603
0.000448735,0.055426,0.0016046,0.000561475
0.00043635,0.055426,0.00165738,0.000378286
0.00042187,0.055426,0.00168931,0.00019034
0.000414474,0.055426,0.0017,-3.77476e-19
0.000413994,0.055426,-0.0017,3.77476e-19
0.000421392,0.055426,-0.00168931,0.00019034
0.000435877,0.055426,-0.00165738,0.000378286
0.000448274,0.055426,-0.0016046,0.000561475
0.000457186,0.055426,-0.00153165,0.000737603
0.000462973,0.055426,-0.00143943,0.000904455
0.000466197,0.055426,-0.00132911,0.00105993
0.000467241,0.055426,-0.00120208,0.00120208
0.000466235,0.055426,-0.00105993,0.00132911
0.00046305,0.055426,-0.000904455,0.00143943
0.0004573,0.055426,-0.000737603,0.00153165
0.000448422,0.055426,-0.000561475,0.0016046
0.000436058,0.055426,-0.000378286,0.00165738
0.000421602,0.055426,-0.00019034,0.00168931
0.000414233,0.055426,-1.26845e-17,-0.0017
0.000421602,0.055426,-0.00019034,-0.00168931
0.000436058,0.055426,-0.000378286,-0.00165738
0.000448422,0.055426,-0.000561475,-0.0016046
0.0004573,0.055426,-0.000737603,-0.00153165
0.00046305,0.055426,-0.000904455,-0.00143943
0.000466235,0.055426,-0.00105993,-0.00132911
0.000467241,0.055426,-0.00120208,-0.00120208
0.000466197,0.055426,-0.00132911,-0.00105993
0.000462973,0.055426,-0.00143943,-0.000904455
0.000457186,0.055426,-0.00153165,-0.000737603
0.000448274,0.055426,-0.0016046,-0.000561475
0.000435877,0.055426,-0.00165738,-0.000378286
0.000421392,0.055426,-0.00168931,-0.00019034
0.00042187,0.055426,0.00168931,-0.00019034
0.00043635,0.055426,0.00165738,-0.000378286
0.000448735,0.055426,0.0016046,-0.000561475
0.000457629,0.055426,0.00153165,-0.000737603
0.000463392,0.055426,0.00143943,-0.000904455
0.000466583,0.055426,0.00132911,-0.00105993
0.00046759,0.055426,0.00120208,-0.00120208
0.000466545,0.055426,0.00105993,-0.00132911
0.000463314,0.055426,0.000904455,-0.00143943
0.000457515,0.055426,0.000737603,-0.00153165
0.000448586,0.055426,0.000561475,-0.0016046
0.000436169,0.055426,0.000378286,-0.00165738
0.000421658,0.055426,0.00019034,-0.00168931
0.000414247,0.0558083,-1.20145e-17,0.0017
0.000421683,0.0558083,0.00019034,0.00168931
0.000436205,0.0558083,0.000378286,0.00165738
0.000448632,0.0558083,0.000561475,0.0016046
0.000457571,0.0558083,0.000737603,0.00153165
0.000463381,0.0558083,0.000904455,0.00143943
0.00046662,0.0558083,0.00105993,0.00132911
0.000467674,0.0558083,0.00120208,0.00120208
0.000466674,0.0558083,0.00132911,0.00105993
0.000463488,0.0558083,0.00143943,0.000904455
0.000457729,0.0558083,0.00153165,0.000737603
0.000448838,0.0558083,0.0016046,0.000561475
0.000436456,0.0558083,0.00165738,0.000378286
0.000421977,0.0558083,0.00168931,0.00019034
0.00041458,0.0558083,0.0017,-3.77476e-19
0.000413918,0.0558083,-0.0017,3.77476e-19
0.000421315,0.0558083,-0.00168931,0.00019034
0.000435802,0.0558083,-0.00165738,0.000378286
0.000448202,0.0558083,-0.0016046,0.000561475
0.000457119,0.0558083,-0.00153165,0.000737603
0.00046291,0.0558083,-0.00143943,0.000904455
0.000466139,0.0558083,-0.00132911,0.00105993
0.00046719,0.0558083,-0.00120208,0.00120208
0.000466193,0.0558083,-0.00105993,0.00132911
0.000463017,0.0558083,-0.000904455,0.00143943
0.000457276,0.0558083,-0.000737603,0.00153165
0.000448407,0.0558083,-0.000561475,0.0016046
0.000436053,0.0558083,-0.000378286,0.00165738
0.000421607,0.0558083,-0.00019034,0.00168931
0.000414247,0.0558083,-1.27694e-17,-0.0017
0.000421607,0.0558083,-0.00019034,-0.00168931
0.000436053,0.0558083,-0.000378286,-0.00165738
0.000448408,0.0558083,-0.000561475,-0.0016046
0.000457276,0.0558083,-0.000737603,-0.00153165
0.000463017,0.0558083,-0.000904455,-0.00143943
0.000466193,0.0558083,-0.00105993,-0.00132911
0.000467191,0.0558083,-0.00120208,-0.00120208
0.00046614,0.0558083,-0.00132911,-0.00105993
0.000462911,0.0558083,-0.00143943,-0.000904455
0.000457119,0.0558083,-0.00153165,-0.000737603
0.000448203,0.0558083,-0.0016046,-0.000561475
0.000435803,0.0558083,-0.00165738,-0.000378286
0.000421315,0.0558083,-0.00168931,-0.00019034
0.000421977,0.0558083,0.00168931,-0.00019034
0.000436456,0.0558083,0.00165738,-0.000378286
0.000448838,0.0558083,0.0016046,-0.000561475
0.000457729,0.0558083,0.00153165,-0.000737603
0.000463488,0.0558083,0.00143943,-0.000904455
0.000466674,0.0558083,0.00132911,-0.00105993
0.000467674,0.0558083,0.00120208,-0.00120208
0.00046662,0.0558083,0.00105993,-0.00132911
0.000463381,0.0558083,0.000904455,-0.00143943
0.000457572,0.0558083,0.000737603,-0.00153165
0.000448634,0.0558083,0.000561475,-0.0016046
0.000436206,0.0558083,0.000378286,-0.00165738
0.000421683,0.0558083,0.00019034,-0.00168931
0.000414261,0.0561905,-1.20993e-17,0.0017
0.000421711,0.0561905,0.00019034,0.00168931
0.000436249,0.0561905,0.000378286,0.00165738
0.000448691,0.0561905,0.000561475,0.0016046
0.000457644,0.0561905,0.000737603,0.00153165
0.000463465,0.0561905,0.000904455,0.00143943
0.000466717,0.0561905,0.00105993,0.00132911
0.000467782,0.0561905,0.00120208,0.00120208
0.00046679,0.0561905,0.00132911,0.00105993
0.000463612,0.0561905,0.00143943,0.000904455
0.000457861,0.0561905,0.00153165,0.000737603
0.000448975,0.0561905,0.0016046,0.000561475
0.000436595,0.0561905,0.00165738,0.000378286
0.000422116,0.0561905,0.00168931,0.00019034
0.00041472,0.0561905,0.0017,-3.77476e-19
0.000413808,0.0561905,-0.0017,3.77476e-19
0.000421206,0.0561905,-0.00168931,0.00019034
0.000435694,0.0561905,-0.00165738,0.000378286
0.000448097,0.0561905,-0.0016046,0.000561475
0.000457018,0.0561905,-0.00153165,0.000737603
0.000462817,0.0561905,-0.00143943,0.000904455
0.000466053,0.0561905,-0.00132911,0.00105993
0.000467114,0.0561905,-0.00120208,0.00120208
0.000466128,0.0561905,-0.00105993,0.00132911
0.000462963,0.0561905,-0.000904455,0.00143943
0.000457235,0.0561905,-0.000737603,0.00153165
0.00044838,0.0561905,-0.000561475,0.0016046
0.000436038,0.0561905,-0.000378286,0.00165738
0.000421606,0.0561905,-0.00019034,0.00168931
0.000414261,0.0561905,-1.28543e-17,-0.0017
0.000421606,0.0561905,-0.00019034,-0.00168931
0.000436039,0.0561905,-0.000378286,-0.00165738
0.000448381,0.0561905,-0.000561475,-0.0016046
0.000457235,0.0561905,-0.000737603,-0.00153165
0.000462963,0.0561905,-0.000904455,-0.00143943
0.000466128,0.0561905,-0.00105993,-0.00132911
0.000467115,0.0561905,-0.00120208,-0.00120208
0.000466054,0.0561905,-0.00132911,-0.00105993
0.000462817,0.0561905,-0.00143943,-0.000904455
0.000457018,0.0561905,-0.00153165,-0.000737603
0.000448097,0.0561905,-0.0016046,-0.000561475
0.000435694,0.0561905,-0.00165738,-0.000378286
0.000421206,0.0561905,-0.00168931,-0.00019034
0.000422116,0.0561905,0.00168931,-0.00019034
0.000436595,0.0561905,0.00165738,-0.000378286
0.000448975,0.0561905,0.0016046,-0.000561475
0.000457861,0.0561905,0.00153165,-0.000737603
0.000463612,0.0561905,0.00143943,-0.000904455
0.00046679,0.0561905,0.00132911,-0.00105993
0.000467782,0.0561905,0.00120208,-0.00120208
0.000466717,0.0561905,0.00105993,-0.00132911
0.000463465,0.0561905,0.000904455,-0.00143943
0.000457644,0.0561905,0.000737603,-0.00153165
0.000448691,0.0561905,0.000561475,-0.0016046
0.000436249,0.0561905,0.000378286,-0.00165738
0.000421712,0.0561905,0.00019034,-0.00168931
0.000414275,0.0565728,-1.21842e-17,0.0017
0.000421745,0.0565728,0.00019034,0.00168931
0.000436303,0.0565728,0.000378286,0.00165738
0.000448764,0.0565728,0.000561475,0.0016046
0.000457736,0.0565728,0.000737603,0.00153165
0.000463576,0.0565728,0.000904455,0.00143943
0.000466843,0.0565728,0.00105993,0.00132911
0.000467922,0.0565728,0.00120208,0.00120208
0.000466945,0.0565728,0.00132911,0.00105993
0.000463778,0.0565728,0.00143943,0.000904455
0.000458035,0.0565728,0.00153165,0.000737603
0.000449156,0.0565728,0.0016046,0.000561475
0.000436779,0.0565728,0.00165738,0.000378286
0.000422302,0.0565728,0.00168931,0.00019034
0.000414906,0.0565728,0.0017,-3.77476e-19
0.00041365,0.0565728,-0.0017,3.77476e-19
0.000421048,0.0565728,-0.00168931,0.00019034
0.000435539,0.0565728,-0.00165738,0.000378286
0.000447946,0.0565728,-0.0016046,0.000561475
0.000456873,0.0565728,-0.00153165,0.000737603
0.000462681,0.0565728,-0.00143943,0.000904455
0.00046593,0.0565728,-0.00132911,0.00105993
0.000467003,0.0565728,-0.00120208,0.00120208
0.000466032,0.0565728,-0.00105993,0.00132911
0.000462883,0.0565728,-0.000904455,0.00143943
0.000457172,0.0565728,-0.000737603,0.00153165
0.000448336,0.0565728,-0.000561475,0.0016046
0.000436014,0.0565728,-0.000378286,0.00165738
0.000421601,0.0565728,-0.00019034,0.00168931
0.000414275,0.0565728,-1.29392e-17,-0.0017
0.000421601,0.0565728,-0.00019034,-0.00168931
0.000436014,0.0565728,-0.000378286,-0.00165738
0.000448336,0.0565728,-0.000561475,-0.0016046
0.000457172,0.0565728,-0.000737603,-0.00153165
0.000462883,0.0565728,-0.000904455,-0.00143943
0.000466032,0.0565728,-0.00105993,-0.00132911
0.000467003,0.0565728,-0.00120208,-0.00120208
0.00046593,0.0565728,-0.00132911,-0.00105993
0.000462682,0.0565728,-0.00143943,-0.000904455
0.000456874,0.0565728,-0.00153165,-0.000737603
0.000447946,0.0565728,-0.0016046,-0.000561475
0.000435539,0.0565728,-0.00165738,-0.000378286
0.000421048,0.0565728,-0.00168931,-0.00019034
0.000422302,0.0565728,0.00168931,-0.00019034
0.000436779,0.0565728,0.00165738,-0.000378286
0.000449156,0.0565728,0.0016046,-0.000561475
0.000458035,0.0565728,0.00153165,-0.000737603
0.000463778,0.0565728,0.00143943,-0.000904455
0.000466945,0.0565728,0.00132911,-0.00105993
0.000467922,0.0565728,0.00120208,-0.00120208
0.000466843,0.0565728,0.00105993,-0.00132911
0.000463576,0.0565728,0.000904455,-0.00143943
0.000457736,0.0565728,0.000737603,-0.00153165
0.000448764,0.0565728,0.000561475,-0.0016046
0.000436303,0.0565728,0.000378286,-0.00165738
0.000421746,0.0565728,0.00019034,-0.00168931
0.000414288,0.056955,-1.22691e-17,0.0017
0.000421786,0.056955,0.00019034,0.00168931
0.000436371,0.056955,0.000378286,0.00165738
0.000448859,0.056955,0.000561475,0.0016046
0.000457857,0.056955,0.000737603,0.00153165
0.000463721,0.056955,0.000904455,0.00143943
0.000467011,0.056955,0.00105993,0.00132911
0.000468111,0.056955,0.00120208,0.00120208
0.000467151,0.056955,0.00132911,0.00105993
0.000463999,0.056955,0.00143943,0.000904455
0.000458269,0.056955,0.00153165,0.000737603
0.000449398,0.056955,0.0016046,0.000561475
0.000437027,0.056955,0.00165738,0.000378286
0.000422552,0.056955,0.00168931,0.00019034
0.000415157,0.056955,0.0017,-3.77476e-19
0.000413426,0.056955,-0.0017,3.77476e-19
0.000420826,0.056955,-0.00168931,0.00019034
0.000435319,0.056955,-0.00165738,0.000378286
0.000447731,0.056955,-0.0016046,0.000561475
0.000456668,0.056955,-0.00153165,0.000737603
0.000462488,0.056955,-0.00143943,0.000904455
0.000465753,0.056955,-0.00132911,0.00105993
0.000466844,0.056955,-0.00120208,0.00120208
0.000465893,0.056955,-0.00105993,0.00132911
0.000462767,0.056955,-0.000904455,0.00143943
0.00045708,0.056955,-0.000737603,0.00153165
0.000448269,0.056955,-0.000561475,0.0016046
0.000435973,0.056955,-0.000378286,0.00165738
0.000421587,0.056955,-0.00019034,0.00168931
0.000414288,0.056955,-1.3024e-17,-0.0017
0.000421587,0.056955,-0.00019034,-0.00168931
0.000435973,0.056955,-0.000378286,-0.00165738
0.000448269,0.056955,-0.000561475,-0.0016046
0.00045708,0.056955,-0.000737603,-0.00153165
0.000462767,0.056955,-0.000904455,-0.00143943
0.000465893,0.056955,-0.00105993,-0.00132911
0.000466844,0.056955,-0.00120208,-0.00120208
0.000465753,0.056955,-0.00132911,-0.00105993
0.00046249,0.056955,-0.00143943,-0.000904455
0.000456669,0.056955,-0.00153165,-0.000737603
0.000447731,0.056955,-0.0016046,-0.000561475
0.000435319,0.056955,-0.00165738,-0.000378286
0.000420826,0.056955,-0.00168931,-0.00019034
0.000422552,0.056955,0.00168931,-0.00019034
0.000437027,0.056955,0.00165738,-0.000378286
0.000449398,0.056955,0.0016046,-0.000561475
0.000458269,0.056955,0.00153165,-0.000737603
0.000463999,0.056955,0.00143943,-0.000904455
0.000467151,0.056955,0.00132911,-0.00105993
0.000468111,0.056955,0.00120208,-0.00120208
0.000467011,0.056955,0.00105993,-0.00132911
0.000463721,0.056955,0.000904455,-0.00143943
0.000457857,0.056955,0.000737603,-0.00153165
0.000448859,0.056955,0.000561475,-0.0016046
0.000436371,0.056955,0.000378286,-0.00165738
0.000421785,0.056955,0.00019034,-0.00168931
0.0004143,0.0573373,-1.2354e-17,0.0017
0.000421835,0.0573373,0.00019034,0.00168931
0.000436458,0.0573373,0.000378286,0.00165738
0.000448984,0.0573373,0.000561475,0.0016046
0.000458017,0.0573373,0.000737603,0.00153165
0.000463914,0.0573373,0.000904455,0.00143943
0.000467236,0.0573373,0.00105993,0.00132911
0.000468364,0.0573373,0.00120208,0.00120208
0.000467429,0.0573373,0.00132911,0.00105993
0.000464298,0.0573373,0.00143943,0.000904455
0.000458585,0.0573373,0.00153165,0.000737603
0.000449726,0.0573373,0.0016046,0.000561475
0.000437363,0.0573373,0.00165738,0.000378286
0.000422891,0.0573373,0.00168931,0.00019034
0.000415496,0.0573373,0.0017,-3.77476e-19
0.000413113,0.0573373,-0.0017,3.77476e-19
0.000420513,0.0573373,-0.00168931,0.00019034
0.00043501,0.0573373,-0.00165738,0.000378286
0.000447431,0.0573373,-0.0016046,0.000561475
0.000456381,0.0573373,-0.00153165,0.000737603
0.000462218,0.0573373,-0.00143943,0.000904455
0.000465503,0.0573373,-0.00132911,0.00105993
0.000466619,0.0573373,-0.00120208,0.00120208
0.000465697,0.0573373,-0.00105993,0.00132911
0.000462602,0.0573373,-0.000904455,0.00143943
0.000456948,0.0573373,-0.000737603,0.00153165
0.000448171,0.0573373,-0.000561475,0.0016046
0.000435911,0.0573373,-0.000378286,0.00165738
0.000421563,0.0573373,-0.00019034,0.00168931
0.0004143,0.0573373,-1.31089e-17,-0.0017
0.000421563,0.0573373,-0.00019034,-0.00168931
0.000435911,0.0573373,-0.000378286,-0.00165738
0.000448171,0.0573373,-0.000561475,-0.0016046
0.000456948,0.0573373,-0.000737603,-0.00153165
0.000462602,0.0573373,-0.000904455,-0.00143943
0.000465697,0.0573373,-0.00105993,-0.00132911
0.000466619,0.0573373,-0.00120208,-0.00120208
0.000465503,0.0573373,-0.00132911,-0.00105993
0.000462219,0.0573373,-0.00143943,-0.000904455
0.000456382,0.0573373,-0.00153165,-0.000737603
0.000447431,0.0573373,-0.0016046,-0.000561475
0.00043501,0.0573373,-0.00165738,-0.000378286
0.000420513,0.0573373,-0.00168931,-0.00019034
0.000422891,0.0573373,0.00168931,-0.00019034
0.000437363,0.0573373,0.00165738,-0.000378286
0.000449726,0.0573373,0.0016046,-0.000561475
0.000458585,0.0573373,0.00153165,-0.000737603
0.000464298,0.0573373,0.00143943,-0.000904455
0.000467429,0.0573373,0.00132911,-0.00105993
0.000468364,0.0573373,0.00120208,-0.00120208
0.000467236,0.0573373,0.00105993,-0.00132911
0.000463914,0.0573373,0.000904455,-0.00143943
0.000458017,0.0573373,0.000737603,-0.00153165
0.000448984,0.0573373,0.000561475,-0.0016046
0.000436458,0.0573373,0.000378286,-0.00165738
0.000421835,0.0573373,0.00019034,-0.00168931
0.000414311,0.0577195,-1.24388e-17,0.0017
0.000421898,0.0577195,0.00019034,0.00168931
0.000436574,0.0577195,0.000378286,0.00165738
0.00044915,0.0577195,0.000561475,0.0016046
0.000458232,0.0577195,0.000737603,0.00153165
0.000464175,0.0577195,0.000904455,0.00143943
0.000467538,0.0577195,0.00105993,0.00132911
0.000468705,0.0577195,0.00120208,0.00120208
0.000467804,0.0577195,0.00132911,0.00105993
0.000464702,0.0577195,0.00143943,0.000904455
0.000459012,0.0577195,0.00153165,0.000737603
0.000450171,0.0577195,0.0016046,0.000561475
0.000437819,0.0577195,0.00165738,0.000378286
0.00042335,0.0577195,0.00168931,0.00019034
0.000415956,0.0577195,0.0017,-3.77476e-19
0.000412678,0.0577195,-0.0017,3.77476e-19
0.000420079,0.0577195,-0.00168931,0.00019034
0.00043458,0.0577195,-0.00165738,0.000378286
0.000447012,0.0577195,-0.0016046,0.000561475
0.000455981,0.0577195,-0.00153165,0.000737603
0.000461842,0.0577195,-0.00143943,0.000904455
0.000465155,0.0577195,-0.00132911,0.00105993
0.000466305,0.0577195,-0.00120208,0.00120208
0.000465421,0.0577195,-0.00105993,0.00132911
0.000462369,0.0577195,-0.000904455,0.00143943
0.00045676,0.0577195,-0.000737603,0.00153165
0.000448031,0.0577195,-0.000561475,0.0016046
0.000435821,0.0577195,-0.000378286,0.00165738
0.000421523,0.0577195,-0.00019034,0.00168931
0.000414311,0.0577195,-1.31938e-17,-0.0017
0.000421523,0.0577195,-0.00019034,-0.00168931
0.000435821,0.0577195,-0.000378286,-0.00165738
0.000448031,0.0577195,-0.000561475,-0.0016046
0.00045676,0.0577195,-0.000737603,-0.00153165
0.000462369,0.0577195,-0.000904455,-0.00143943
0.000465421,0.0577195,-0.00105993,-0.00132911
0.000466305,0.0577195,-0.00120208,-0.00120208
0.000465155,0.0577195,-0.00132911,-0.00105993
0.000461842,0.0577195,-0.00143943,-0.000904455
0.000455981,0.0577195,-0.00153165,-0.000737603
0.000447013,0.0577195,-0.0016046,-0.000561475
0.000434581,0.0577195,-0.00165738,-0.000378286
0.000420079,0.0577195,-0.00168931,-0.00019034
0.00042335,0.0577195,0.00168931,-0.00019034
0.000437819,0.0577195,0.00165738,-0.000378286
0.000450171,0.0577195,0.0016046,-0.000561475
0.000459012,0.0577195,0.00153165,-0.000737603
0.000464702,0.0577195,0.00143943,-0.000904455
0.000467804,0.0577195,0.00132911,-0.00105993
0.000468705,0.0577195,0.00120208,-0.00120208
0.000467538,0.0577195,0.00105993,-0.00132911
0.000464174,0.0577195,0.000904455,-0.00143943
0.000458232,0.0577195,0.000737603,-0.00153165
0.00044915,0.0577195,0.000561475,-0.0016046
0.000436574,0.0577195,0.000378286,-0.00165738
0.000421898,0.0577195,0.00019034,-0.00168931
0.00041432,0.0581018,-1.25237e-17,0.0017
0.00042198,0.0581018,0.00019034,0.00168931
0.000436728,0.0581018,0.000378286,0.00165738
0.000449373,0.0581018,0.000561475,0.0016046
0.000458521,0.0581018,0.000737603,0.00153165
0.000464527,0.0581018,0.000904455,0.00143943
0.000467948,0.0581018,0.00105993,0.00132911
0.000469168,0.0581018,0.00120208,0.00120208
0.000468314,0.0581018,0.00132911,0.00105993
0.000465251,0.0581018,0.00143943,0.000904455
0.000459593,0.0581018,0.00153165,0.000737603
0.000450776,0.0581018,0.0016046,0.000561475
0.000438438,0.0581018,0.00165738,0.000378286
0.000423976,0.0581018,0.00168931,0.00019034
0.000416582,0.0581018,0.0017,-3.77476e-19
0.000412077,0.0581018,-0.0017,3.77476e-19
0.000419479,0.0581018,-0.00168931,0.00019034
0.000433987,0.0581018,-0.00165738,0.000378286
0.000446434,0.0581018,-0.0016046,0.000561475
0.000455426,0.0581018,-0.00153165,0.000737603
0.000461319,0.0581018,-0.00143943,0.000904455
0.000464672,0.0581018,-0.00132911,0.00105993
0.000465869,0.0581018,-0.00120208,0.00120208
0.000465038,0.0581018,-0.00105993,0.00132911
0.000462043,0.0581018,-0.000904455,0.00143943
0.000456497,0.0581018,-0.000737603,0.00153165
0.000447834,0.0581018,-0.000561475,0.0016046
0.000435692,0.0581018,-0.000378286,0.00165738
0.000421463,0.0581018,-0.00019034,0.00168931
0.00041432,0.0581018,-1.32787e-17,-0.0017
0.000421463,0.0581018,-0.00019034,-0.00168931
0.000435692,0.0581018,-0.000378286,-0.00165738
0.000447834,0.0581018,-0.000561475,-0.0016046
0.000456497,0.0581018,-0.000737603,-0.00153165
0.000462043,0.0581018,-0.000904455,-0.00143943
0.000465038,0.0581018,-0.00105993,-0.00132911
0.000465869,0.0581018,-0.00120208,-0.00120208
0.000464672,0.0581018,-0.00132911,-0.00105993
0.000461319,0.0581018,-0.00143943,-0.000904455
0.000455426,0.0581018,-0.00153165,-0.000737603
0.000446435,0.0581018,-0.0016046,-0.000561475
0.000433988,0.0581018,-0.00165738,-0.000378286
0.000419479,0.0581018,-0.00168931,-0.00019034
0.000423976,0.0581018,0.00168931,-0.00019034
0.000438438,0.0581018,0.00165738,-0.000378286
0.000450776,0.0581018,0.0016046,-0.000561475
0.000459593,0.0581018,0.00153165,-0.000737603
0.000465251,0.0581018,0.00143943,-0.000904455
0.000468314,0.0581018,0.00132911,-0.00105993
0.000469168,0.0581018,0.00120208,-0.00120208
0.000467948,0.0581018,0.00105993,-0.00132911
0.000464526,0.0581018,0.000904455,-0.00143943
0.000458521,0.0581018,0.000737603,-0.00153165
0.000449373,0.0581018,0.000561475,-0.0016046
0.000436728,0.0581018,0.000378286,-0.00165738
0.00042198,0.0581018,0.00019034,-0.00168931
0.000414329,0.058484,-1.26086e-17,0.0017
0.000422087,0.058484,0.00019034,0.00168931
0.000436934,0.058484,0.000378286,0.00165738
0.000449673,0.058484,0.000561475,0.0016046
0.000458913,0.058484,0.000737603,0.00153165
0.000465004,0.058484,0.000904455,0.00143943
0.000468506,0.058484,0.00105993,0.00132911
0.000469798,0.058484,0.00120208,0.00120208
0.000469007,0.058484,0.00132911,0.00105993
0.000465999,0.058484,0.00143943,0.000904455
0.000460385,0.058484,0.00153165,0.000737603
0.0004516,0.058484,0.0016046,0.000561475
0.000439282,0.058484,0.00165738,0.000378286
0.000424829,0.058484,0.00168931,0.00019034
0.000417436,0.058484,0.0017,-3.77476e-19
0.000411246,0.058484,-0.0017,3.77476e-19
0.00041865,0.058484,-0.00168931,0.00019034
0.000433168,0.058484,-0.00165738,0.000378286
0.000445636,0.058484,-0.0016046,0.000561475
0.00045466,0.058484,-0.00153165,0.000737603
0.000460597,0.058484,-0.00143943,0.000904455
0.000464005,0.058484,-0.00132911,0.00105993
0.000465265,0.058484,-0.00120208,0.00120208
0.000464506,0.058484,-0.00105993,0.00132911
0.000461592,0.058484,-0.000904455,0.00143943
0.000456131,0.058484,-0.000737603,0.00153165
0.00044756,0.058484,-0.000561475,0.0016046
0.000435512,0.058484,-0.000378286,0.00165738
0.000421377,0.058484,-0.00019034,0.00168931
0.000414329,0.058484,-1.33635e-17,-0.0017
0.000421377,0.058484,-0.00019034,-0.00168931
0.000435512,0.058484,-0.000378286,-0.00165738
0.00044756,0.058484,-0.000561475,-0.0016046
0.000456131,0.058484,-0.000737603,-0.00153165
0.000461592,0.058484,-0.000904455,-0.00143943
0.000464506,0.058484,-0.00105993,-0.00132911
0.000465265,0.058484,-0.00120208,-0.00120208
0.000464005,0.058484,-0.00132911,-0.00105993
0.000460597,0.058484,-0.00143943,-0.000904455
0.00045466,0.058484,-0.00153165,-0.000737603
0.000445636,0.058484,-0.0016046,-0.000561475
0.000433168,0.058484,-0.00165738,-0.000378286
0.00041865,0.058484,-0.00168931,-0.00019034
0.000424829,0.058484,0.00168931,-0.00019034
0.000439282,0.058484,0.00165738,-0.000378286
0.0004516,0.058484,0.0016046,-0.000561475
0.000460385,0.058484,0.00153165,-0.000737603
0.000465999,0.058484,0.00143943,-0.000904455
0.000469007,0.058484,0.00132911,-0.00105993
0.000469798,0.058484,0.00120208,-0.00120208
0.000468506,0.058484,0.00105993,-0.00132911
0.000465004,0.058484,0.000904455,-0.00143943
0.000458913,0.058484,0.000737603,-0.00153165
0.000449673,0.058484,0.000561475,-0.0016046
0.000436934,0.058484,0.000378286,-0.00165738
0.000422087,0.058484,0.00019034,-0.00168931
0.000414336,0.0588663,-1.26935e-17,0.0017
0.000422229,0.0588663,0.00019034,0.00168931
0.000437213,0.0588663,0.000378286,0.00165738
0.000450082,0.0588663,0.000561475,0.0016046
0.000459446,0.0588663,0.000737603,0.00153165
0.000465655,0.0588663,0.000904455,0.00143943
0.000469266,0.0588663,0.00105993,0.00132911
0.000470657,0.0588663,0.00120208,0.00120208
0.000469954,0.0588663,0.00132911,0.00105993
0.00046702,0.0588663,0.00143943,0.000904455
0.000461466,0.0588663,0.00153165,0.000737603
0.000452725,0.0588663,0.0016046,0.000561475
0.000440435,0.0588663,0.00165738,0.000378286
0.000425993,0.0588663,0.00168931,0.00019034
0.000418602,0.0588663,0.0017,-3.77476e-19
0.000410104,0.0588663,-0.0017,3.77476e-19
0.000417511,0.0588663,-0.00168931,0.00019034
0.000432041,0.0588663,-0.00165738,0.000378286
0.000444537,0.0588663,-0.0016046,0.000561475
0.000453605,0.0588663,-0.00153165,0.000737603
0.000459603,0.0588663,-0.00143943,0.000904455
0.000463086,0.0588663,-0.00132911,0.00105993
0.000464434,0.0588663,-0.00120208,0.00120208
0.000463774,0.0588663,-0.00105993,0.00132911
0.000460969,0.0588663,-0.000904455,0.00143943
0.000455626,0.0588663,-0.000737603,0.00153165
0.00044718,0.0588663,-0.000561475,0.0016046
0.000435259,0.0588663,-0.000378286,0.00165738
0.000421254,0.0588663,-0.00019034,0.00168931
0.000414336,0.0588663,-1.34484e-17,-0.0017
0.000421254,0.0588663,-0.00019034,-0.00168931
0.000435259,0.0588663,-0.000378286,-0.00165738
0.00044718,0.0588663,-0.000561475,-0.0016046
0.000455626,0.0588663,-0.000737603,-0.00153165
0.000460969,0.0588663,-0.000904455,-0.00143943
0.000463774,0.0588663,-0.00105993,-0.00132911
0.000464434,0.0588663,-0.00120208,-0.00120208
0.000463086,0.0588663,-0.00132911,-0.00105993
0.000459603,0.0588663,-0.00143943,-0.000904455
0.000453605,0.0588663,-0.00153165,-0.000737603
0.000444537,0.0588663,-0.0016046,-0.000561475
0.000432041,0.0588663,-0.00165738,-0.000378286
0.000417511,0.0588663,-0.00168931,-0.00019034
0.000425993,0.0588663,0.00168931,-0.00019034
0.000440435,0.0588663,0.00165738,-0.000378286
0.000452725,0.0588663,0.0016046,-0.000561475
0.000461466,0.0588663,0.00153165,-0.000737603
0.00046702,0.0588663,0.00143943,-0.000904455
0.000469954,0.0588663,0.00132911,-0.00105993
0.000470657,0.0588663,0.00120208,-0.00120208
0.000469266,0.0588663,0.00105993,-0.00132911
0.000465655,0.0588663,0.000904455,-0.00143943
0.000459446,0.0588663,0.000737603,-0.00153165
0.000450082,0.0588663,0.000561475,-0.0016046
0.000437213,0.0588663,0.000378286,-0.00165738
0.000422229,0.0588663,0.00019034,-0.00168931
0.000414343,0.0592485,-1.27783e-17,0.0017
0.00042242,0.0592485,0.00019034,0.00168931
0.00043759,0.0592485,0.000378286,0.00165738
0.000450636,0.0592485,0.000561475,0.0016046
0.000460172,0.0592485,0.000737603,0.00153165
0.000466542,0.0592485,0.000904455,0.00143943
0.000470302,0.0592485,0.00105993,0.00132911
0.000471829,0.0592485,0.00120208,0.00120208
0.000471246,0.0592485,0.00132911,0.00105993
0.000468414,0.0592485,0.00143943,0.000904455
0.000462942,0.0592485,0.00153165,0.000737603
0.000454261,0.0592485,0.0016046,0.000561475
0.000442008,0.0592485,0.00165738,0.000378286
0.000427581,0.0592485,0.00168931,0.00019034
0.000420193,0.0592485,0.0017,-3.77476e-19
0.000408538,0.0592485,-0.0017,3.77476e-19
0.000415948,0.0592485,-0.00168931,0.00019034
0.000430495,0.0592485,-0.00165738,0.000378286
0.000443028,0.0592485,-0.0016046,0.000561475
0.000452157,0.0592485,-0.00153165,0.000737603
0.000458238,0.0592485,-0.00143943,0.000904455
0.000461823,0.0592485,-0.00132911,0.00105993
0.000463292,0.0592485,-0.00120208,0.00120208
0.000462767,0.0592485,-0.00105993,0.00132911
0.000460111,0.0592485,-0.000904455,0.00143943
0.000454929,0.0592485,-0.000737603,0.00153165
0.000446653,0.0592485,-0.000561475,0.0016046
0.000434908,0.0592485,-0.000378286,0.00165738
0.000421082,0.0592485,-0.00019034,0.00168931
0.000414343,0.0592485,-1.35333e-17,-0.0017
0.000421082,0.0592485,-0.00019034,-0.00168931
0.000434908,0.0592485,-0.000378286,-0.00165738
0.000446653,0.0592485,-0.000561475,-0.0016046
0.000454929,0.0592485,-0.000737603,-0.00153165
0.000460111,0.0592485,-0.000904455,-0.00143943
0.000462767,0.0592485,-0.00105993,-0.00132911
0.000463291,0.0592485,-0.00120208,-0.00120208
0.000461823,0.0592485,-0.00132911,-0.00105993
0.000458238,0.0592485,-0.00143943,-0.000904455
0.000452157,0.0592485,-0.00153165,-0.000737603
0.000443027,0.0592485,-0.0016046,-0.000561475
0.000430494,0.0592485,-0.00165738,-0.000378286
0.000415948,0.0592485,-0.00168931,-0.00019034
0.000427581,0.0592485,0.00168931,-0.00019034
0.000442008,0.0592485,0.00165738,-0.000378286
0.000454261,0.0592485,0.0016046,-0.000561475
0.000462942,0.0592485,0.00153165,-0.000737603
0.000468414,0.0592485,0.00143943,-0.000904455
0.000471246,0.0592485,0.00132911,-0.00105993
0.000471829,0.0592485,0.00120208,-0.00120208
0.000470302,0.0592485,0.00105993,-0.00132911
0.000466542,0.0592485,0.000904455,-0.00143943
0.000460172,0.0592485,0.000737603,-0.00153165
0.000450636,0.0592485,0.000561475,-0.0016046
0.00043759,0.0592485,0.000378286,-0.00165738
0.00042242,0.0592485,0.00019034,-0.00168931
0.000414352,0.0596308,-1.28632e-17,0.0017
0.000422681,0.0596308,0.00019034,0.00168931
0.000438105,0.0596308,0.000378286,0.00165738
0.000451393,0.0596308,0.000561475,0.0016046
0.000461163,0.0596308,0.000737603,0.00153165
0.000467754,0.0596308,0.000904455,0.00143943
0.000471719,0.0596308,0.00105993,0.00132911
0.000473433,0.0596308,0.00120208,0.00120208
0.000473014,0.0596308,0.00132911,0.00105993
0.000470321,0.0596308,0.00143943,0.000904455
0.000464961,0.0596308,0.00153165,0.000737603
0.000456363,0.0596308,0.0016046,0.000561475
0.000444161,0.0596308,0.00165738,0.000378286
0.000429755,0.0596308,0.00168931,0.00019034
0.000422369,0.0596308,0.0017,-3.77476e-19
0.000406396,0.0596308,-0.0017,3.77476e-19
0.00041381,0.0596308,-0.00168931,0.00019034
0.000428378,0.0596308,-0.00165738,0.000378286
0.000440963,0.0596308,-0.0016046,0.000561475
0.000450176,0.0596308,-0.00153165,0.000737603
0.000456369,0.0596308,-0.00143943,0.000904455
0.000460094,0.0596308,-0.00132911,0.00105993
0.000461727,0.0596308,-0.00120208,0.00120208
0.000461388,0.0596308,-0.00105993,0.00132911
0.000458938,0.0596308,-0.000904455,0.00143943
0.000453976,0.0596308,-0.000737603,0.00153165
0.000445933,0.0596308,-0.000561475,0.0016046
0.000434429,0.0596308,-0.000378286,0.00165738
0.000420846,0.0596308,-0.00019034,0.00168931
0.000414352,0.0596308,-1.36182e-17,-0.0017
0.000420846,0.0596308,-0.00019034,-0.00168931
0.000434429,0.0596308,-0.000378286,-0.00165738
0.000445933,0.0596308,-0.000561475,-0.0016046
0.000453976,0.0596308,-0.000737603,-0.00153165
0.000458938,0.0596308,-0.000904455,-0.00143943
0.000461388,0.0596308,-0.00105993,-0.00132911
0.000461727,0.0596308,-0.00120208,-0.00120208
0.000460094,0.0596308,-0.00132911,-0.00105993
0.000456369,0.0596308,-0.00143943,-0.000904455
0.000450176,0.0596308,-0.00153165,-0.000737603
0.000440962,0.0596308,-0.0016046,-0.000561475
0.000428377,0.0596308,-0.00165738,-0.000378286
0.00041381,0.0596308,-0.00168931,-0.00019034
0.000429755,0.0596308,0.00168931,-0.00019034
0.000444161,0.0596308,0.00165738,-0.000378286
0.000456363,0.0596308,0.0016046,-0.000561475
0.000464961,0.0596308,0.00153165,-0.000737603
0.000470321,0.0596308,0.00143943,-0.000904455
0.000473014,0.0596308,0.00132911,-0.00105993
0.000473433,0.0596308,0.00120208,-0.00120208
0.000471719,0.0596308,0.00105993,-0.00132911
0.000467754,0.0596308,0.000904455,-0.00143943
0.000461163,0.0596308,0.000737603,-0.00153165
0.000451393,0.0596308,0.000561475,-0.0016046
0.000438104,0.0596308,0.000378286,-0.00165738
0.000422681,0.0596308,0.00019034,-0.00168931
0.000414356,0.060013,-1.29481e-17,0.0017
0.000423032,0.060013,0.00019034,0.00168931
0.000438802,0.060013,0.000378286,0.00165738
0.000452422,0.060013,0.000561475,0.0016046
0.000462512,0.060013,0.000737603,0.00153165
0.000469404,0.060013,0.000904455,0.00143943
0.000473649,0.060013,0.00105993,0.00132911
0.000475616,0.060013,0.00120208,0.00120208
0.000475422,0.060013,0.00132911,0.00105993
0.00047292,0.060013,0.00143943,0.000904455
0.000467713,0.060013,0.00153165,0.000737603
0.000459227,0.060013,0.0016046,0.000561475
0.000447095,0.060013,0.00165738,0.000378286
0.000432717,0.060013,0.00168931,0.00019034
0.000425335,0.060013,0.0017,-3.77476e-19
0.000403465,0.060013,-0.0017,3.77476e-19
0.000410884,0.060013,-0.00168931,0.00019034
0.000425482,0.060013,-0.00165738,0.000378286
0.000438138,0.060013,-0.0016046,0.000561475
0.000447463,0.060013,-0.00153165,0.000737603
0.000453809,0.060013,-0.00143943,0.000904455
0.000457726,0.060013,-0.00132911,0.00105993
0.000459583,0.060013,-0.00120208,0.00120208
0.000459499,0.060013,-0.00105993,0.00132911
0.000457328,0.060013,-0.000904455,0.00143943
0.000452667,0.060013,-0.000737603,0.00153165
0.000444943,0.060013,-0.000561475,0.0016046
0.000433766,0.060013,-0.000378286,0.00165738
0.000420517,0.060013,-0.00019034,0.00168931
0.000414356,0.060013,-1.3703e-17,-0.0017
0.000420517,0.060013,-0.00019034,-0.00168931
0.000433766,0.060013,-0.000378286,-0.00165738
0.000444943,0.060013,-0.000561475,-0.0016046
0.000452667,0.060013,-0.000737603,-0.00153165
0.000457328,0.060013,-0.000904455,-0.00143943
0.000459499,0.060013,-0.00105993,-0.00132911
0.000459583,0.060013,-0.00120208,-0.00120208
0.000457726,0.060013,-0.00132911,-0.00105993
0.000453809,0.060013,-0.00143943,-0.000904455
0.000447462,0.060013,-0.00153165,-0.000737603
0.000438136,0.060013,-0.0016046,-0.000561475
0.000425481,0.060013,-0.00165738,-0.000378286
0.000410884,0.060013,-0.00168931,-0.00019034
0.000432717,0.060013,0.00168931,-0.00019034
0.000447095,0.060013,0.00165738,-0.000378286
0.000459227,0.060013,0.0016046,-0.000561475
0.000467713,0.060013,0.00153165,-0.000737603
0.00047292,0.060013,0.00143943,-0.000904455
0.000475422,0.060013,0.00132911,-0.00105993
0.000475616,0.060013,0.00120208,-0.00120208
0.000473649,0.060013,0.00105993,-0.00132911
0.000469404,0.060013,0.000904455,-0.00143943
0.000462512,0.060013,0.000737603,-0.00153165
0.000452421,0.060013,0.000561475,-0.0016046
0.0004388,0.060013,0.000378286,-0.00165738
0.00042303,0.060013,0.00019034,-0.00168931
0.000414374,0.0603953,-1.3033e-17,0.0017
0.00042352,0.0603953,0.00019034,0.00168931
0.000439765,0.0603953,0.000378286,0.00165738
0.000453838,0.0603953,0.000561475,0.0016046
0.000464365,0.0603953,0.000737603,0.00153165
0.00047167,0.0603953,0.000904455,0.00143943
0.000476298,0.0603953,0.00105993,0.00132911
0.000478612,0.0603953,0.00120208,0.00120208
0.000478724,0.0603953,0.00132911,0.00105993
0.000476484,0.0603953,0.00143943,0.000904455
0.000471486,0.0603953,0.00153165,0.000737603
0.000463153,0.0603953,0.0016046,0.000561475
0.000451116,0.0603953,0.00165738,0.000378286
0.000436776,0.0603953,0.00168931,0.00019034
0.000429401,0.0603953,0.0017,-3.77476e-19
0.000399474,0.0603953,-0.0017,3.77476e-19
0.000406901,0.0603953,-0.00168931,0.00019034
0.000421539,0.0603953,-0.00165738,0.000378286
0.000434291,0.0603953,-0.0016046,0.000561475
0.00044377,0.0603953,-0.00153165,0.000737603
0.000450325,0.0603953,-0.00143943,0.000904455
0.000454501,0.0603953,-0.00132911,0.00105993
0.000456665,0.0603953,-0.00120208,0.00120208
0.000456928,0.0603953,-0.00105993,0.00132911
0.00045514,0.0603953,-0.000904455,0.00143943
0.000450889,0.0603953,-0.000737603,0.00153165
0.0004436,0.0603953,-0.000561475,0.0016046
0.000432871,0.0603953,-0.000378286,0.00165738
0.000420078,0.0603953,-0.00019034,0.00168931
0.000414373,0.0603953,-1.37879e-17,-0.0017
0.000420078,0.0603953,-0.00019034,-0.00168931
0.000432871,0.0603953,-0.000378286,-0.00165738
0.0004436,0.0603953,-0.000561475,-0.0016046
0.000450889,0.0603953,-0.000737603,-0.00153165
0.00045514,0.0603953,-0.000904455,-0.00143943
0.000456928,0.0603953,-0.00105993,-0.00132911
0.000456665,0.0603953,-0.00120208,-0.00120208
0.000454501,0.0603953,-0.00132911,-0.00105993
0.000450324,0.0603953,-0.00143943,-0.000904455
0.000443768,0.0603953,-0.00153165,-0.000737603
0.000434288,0.0603953,-0.0016046,-0.000561475
0.000421538,0.0603953,-0.00165738,-0.000378286
0.000406901,0.0603953,-0.00168931,-0.00019034
0.000436776,0.0603953,0.00168931,-0.00019034
0.000451116,0.0603953,0.00165738,-0.000378286
0.000463153,0.0603953,0.0016046,-0.000561475
0.000471486,0.0603953,0.00153165,-0.000737603
0.000476484,0.0603953,0.00143943,-0.000904455
0.000478724,0.0603953,0.00132911,-0.00105993
0.000478612,0.0603953,0.00120208,-0.00120208
0.000476298,0.0603953,0.00105993,-0.00132911
0.00047167,0.0603953,0.000904455,-0.00143943
0.000464365,0.0603953,0.000737603,-0.00153165
0.000453837,0.0603953,0.000561475,-0.0016046
0.000439764,0.0603953,0.000378286,-0.00165738
0.000423519,0.0603953,0.00019034,-0.00168931
0.000414378,0.0607775,-1.31178e-17,0.0017
0.000424167,0.0607775,0.00019034,0.00168931
0.000441059,0.0607775,0.000378286,0.00165738
0.000455749,0.0607775,0.000561475,0.0016046
0.000466873,0.0607775,0.000737603,0.00153165
0.000474741,0.0607775,0.000904455,0.00143943
0.000479892,0.0607775,0.00105993,0.00132911
0.000482681,0.0607775,0.00120208,0.00120208
0.00048321,0.0607775,0.00132911,0.00105993
0.000481326,0.0607775,0.00143943,0.000904455
0.000476614,0.0607775,0.00153165,0.000737603
0.00046849,0.0607775,0.0016046,0.000561475
0.000456582,0.0607775,0.00165738,0.000378286
0.000442293,0.0607775,0.00168931,0.00019034
0.000434925,0.0607775,0.0017,-3.77476e-19
0.000394027,0.0607775,-0.0017,3.77476e-19
0.000401463,0.0607775,-0.00168931,0.00019034
0.000416156,0.0607775,-0.00165738,0.000378286
0.000429038,0.0607775,-0.0016046,0.000561475
0.000438727,0.0607775,-0.00153165,0.000737603
0.000445566,0.0607775,-0.00143943,0.000904455
0.000450096,0.0607775,-0.00132911,0.00105993
0.000452676,0.0607775,-0.00120208,0.00120208
0.000453411,0.0607775,-0.00105993,0.00132911
0.000452141,0.0607775,-0.000904455,0.00143943
0.00044845,0.0607775,-0.000737603,0.00153165
0.000441752,0.0607775,-0.000561475,0.0016046
0.000431633,0.0607775,-0.000378286,0.00165738
0.000419462,0.0607775,-0.00019034,0.00168931
0.000414378,0.0607775,-1.38728e-17,-0.0017
0.000419462,0.0607775,-0.00019034,-0.00168931
0.000431633,0.0607775,-0.000378286,-0.00165738
0.000441752,0.0607775,-0.000561475,-0.0016046
0.00044845,0.0607775,-0.000737603,-0.00153165
0.000452141,0.0607775,-0.000904455,-0.00143943
0.000453411,0.0607775,-0.00105993,-0.00132911
0.000452676,0.0607775,-0.00120208,-0.00120208
0.000450096,0.0607775,-0.00132911,-0.00105993
0.000445565,0.0607775,-0.00143943,-0.000904455
0.000438725,0.0607775,-0.00153165,-0.000737603
0.000429036,0.0607775,-0.0016046,-0.000561475
0.000416155,0.0607775,-0.00165738,-0.000378286
0.000401463,0.0607775,-0.00168931,-0.00019034
0.000442293,0.0607775,0.00168931,-0.00019034
0.000456582,0.0607775,0.00165738,-0.000378286
0.00046849,0.0607775,0.0016046,-0.000561475
0.000476614,0.0607775,0.00153165,-0.000737603
0.000481326,0.0607775,0.00143943,-0.000904455
0.000483211,0.0607775,0.00132911,-0.00105993
0.000482681,0.0607775,0.00120208,-0.00120208
0.000479892,0.0607775,0.00105993,-0.00132911
0.000474741,0.0607775,0.000904455,-0.00143943
0.000466873,0.0607775,0.000737603,-0.00153165
0.000455749,0.0607775,0.000561475,-0.0016046
0.000441059,0.0607775,0.000378286,-0.00165738
0.000424167,0.0607775,0.00019034,-0.00168931
0.000414439,0.0611598,-1.32027e-17,0.0017
0.000425104,0.0611598,0.00019034,0.00168931
0.00044288,0.0611598,0.000378286,0.00165738
0.000458415,0.0611598,0.000561475,0.0016046
0.000470355,0.0611598,0.000737603,0.00153165
0.000478991,0.0611598,0.000904455,0.00143943
0.000484857,0.0611598,0.00105993,0.00132911
0.000488295,0.0611598,0.00120208,0.00120208
0.000489398,0.0611598,0.00132911,0.00105993
0.000487999,0.0611598,0.00143943,0.000904455
0.000483679,0.0611598,0.00153165,0.000737603
0.000475842,0.0611598,0.0016046,0.000561475
0.000464111,0.0611598,0.00165738,0.000378286
0.000449892,0.0611598,0.00168931,0.00019034
0.000442533,0.0611598,0.0017,-3.77476e-19
0.000386665,0.0611598,-0.0017,3.77476e-19
0.000394114,0.0611598,-0.00168931,0.00019034
0.00040888,0.0611598,-0.00165738,0.000378286
0.000421936,0.0611598,-0.0016046,0.000561475
0.000431908,0.0611598,-0.00153165,0.000737603
0.000439134,0.0611598,-0.00143943,0.000904455
0.000444145,0.0611598,-0.00132911,0.00105993
0.000447291,0.0611598,-0.00120208,0.00120208
0.000448667,0.0611598,-0.00105993,0.00132911
0.000448106,0.0611598,-0.000904455,0.00143943
0.000445177,0.0611598,-0.000737603,0.00153165
0.000439287,0.0611598,-0.000561475,0.0016046
0.00043,0.0611598,-0.000378286,0.00165738
0.000418675,0.0611598,-0.00019034,0.00168931
0.000414439,0.0611598,-1.39577e-17,-0.0017
0.000418675,0.0611598,-0.00019034,-0.00168931
0.000429999,0.0611598,-0.000378286,-0.00165738
0.000439286,0.0611598,-0.000561475,-0.0016046
0.000445177,0.0611598,-0.000737603,-0.00153165
0.000448106,0.0611598,-0.000904455,-0.00143943
0.000448667,0.0611598,-0.00105993,-0.00132911
0.000447291,0.0611598,-0.00120208,-0.00120208
0.000444145,0.0611598,-0.00132911,-0.00105993
0.000439133,0.0611598,-0.00143943,-0.000904455
0.000431906,0.0611598,-0.00153165,-0.000737603
0.000421934,0.0611598,-0.0016046,-0.000561475
0.000408879,0.0611598,-0.00165738,-0.000378286
0.000394114,0.0611598,-0.00168931,-0.00019034
0.000449892,0.0611598,0.00168931,-0.00019034
0.000464111,0.0611598,0.00165738,-0.000378286
0.000475842,0.0611598,0.0016046,-0.000561475
0.000483679,0.0611598,0.00153165,-0.000737603
0.000487999,0.0611598,0.00143943,-0.000904455
0.000489398,0.0611598,0.00132911,-0.00105993
0.000488295,0.0611598,0.00120208,-0.00120208
0.000484857,0.0611598,0.00105993,-0.00132911
0.000478991,0.0611598,0.000904455,-0.00143943
0.000470355,0.0611598,0.000737603,-0.00153165
0.000458415,0.0611598,0.000561475,-0.0016046
0.00044288,0.0611598,0.000378286,-0.00165738
0.000425104,0.0611598,0.00019034,-0.00168931
0.000414443,0.061542,-1.32876e-17,0.0017
0.000426299,0.061542,0.00019034,0.00168931
0.000445276,0.061542,0.000378286,0.00165738
0.000461961,0.061542,0.000561475,0.0016046
0.000475012,0.061542,0.000737603,0.00153165
0.000484697,0.061542,0.000904455,0.00143943
0.000491537,0.061542,0.00105993,0.00132911
0.00049586,0.061542,0.00120208,0.00120208
0.000497744,0.061542,0.00132911,0.00105993
0.000497008,0.061542,0.00143943,0.000904455
0.00049322,0.061542,0.00153165,0.000737603
0.000485773,0.061542,0.0016046,0.000561475
0.00047428,0.061542,0.00165738,0.000378286
0.000460153,0.061542,0.00168931,0.00019034
0.000452806,0.061542,0.0017,-3.77476e-19
0.000376642,0.061542,-0.0017,3.77476e-19
0.000384108,0.061542,-0.00168931,0.00019034
0.00039897,0.061542,-0.00165738,0.000378286
0.000412262,0.061542,-0.0016046,0.000561475
0.000422614,0.061542,-0.00153165,0.000737603
0.00043036,0.061542,-0.00143943,0.000904455
0.00043602,0.061542,-0.00132911,0.00105993
0.000439931,0.061542,-0.00120208,0.00120208
0.000442174,0.061542,-0.00105993,0.00132911
0.000442568,0.061542,-0.000904455,0.00143943
0.000440669,0.061542,-0.000737603,0.00153165
0.000435871,0.061542,-0.000561475,0.0016046
0.000427709,0.061542,-0.000378286,0.00165738
0.00041753,0.061542,-0.00019034,0.00168931
0.000414443,0.061542,-1.40425e-17,-0.0017
0.00041753,0.061542,-0.00019034,-0.00168931
0.000427708,0.061542,-0.000378286,-0.00165738
0.00043587,0.061542,-0.000561475,-0.0016046
0.000440669,0.061542,-0.000737603,-0.00153165
0.000442568,0.061542,-0.000904455,-0.00143943
0.000442174,0.061542,-0.00105993,-0.00132911
0.000439931,0.061542,-0.00120208,-0.00120208
0.00043602,0.061542,-0.00132911,-0.00105993
0.00043036,0.061542,-0.00143943,-0.000904455
0.000422613,0.061542,-0.00153165,-0.000737603
0.000412259,0.061542,-0.0016046,-0.000561475
0.000398968,0.061542,-0.00165738,-0.000378286
0.000384107,0.061542,-0.00168931,-0.00019034
0.000460153,0.061542,0.00168931,-0.00019034
0.00047428,0.061542,0.00165738,-0.000378286
0.000485773,0.061542,0.0016046,-0.000561475
0.00049322,0.061542,0.00153165,-0.000737603
0.000497008,0.061542,0.00143943,-0.000904455
0.000497744,0.061542,0.00132911,-0.00105993
0.00049586,0.061542,0.00120208,-0.00120208
0.000491538,0.061542,0.00105993,-0.00132911
0.000484698,0.061542,0.000904455,-0.00143943
0.000475013,0.061542,0.000737603,-0.00153165
0.000461961,0.061542,0.000561475,-0.0016046
0.000445277,0.061542,0.000378286,-0.00165738
0.000426299,0.061542,0.00019034,-0.00168931
0.000414672,0.0619243,-1.33725e-17,0.0017
0.000428155,0.0619243,0.00019034,0.00168931
0.000448776,0.0619243,0.000378286,0.00165738
0.000467034,0.0619243,0.000561475,0.0016046
0.000481608,0.0619243,0.000737603,0.00153165
0.000492731,0.0619243,0.000904455,0.00143943
0.000500908,0.0619243,0.00105993,0.00132911
0.000506448,0.0619243,0.00120208,0.00120208
0.00050941,0.0619243,0.00132911,0.00105993
0.000509591,0.0619243,0.00143943,0.000904455
0.000506538,0.0619243,0.00153165,0.000737603
0.000499632,0.0619243,0.0016046,0.000561475
0.000488471,0.0619243,0.00165738,0.000378286
0.000474472,0.0619243,0.00168931,0.00019034
0.00046714,0.0619243,0.0017,-3.77476e-19
0.000363245,0.0619243,-0.0017,3.77476e-19
0.000370732,0.0619243,-0.00168931,0.00019034
0.000385723,0.0619243,-0.00165738,0.000378286
0.00039933,0.0619243,-0.0016046,0.000561475
0.000410196,0.0619243,-0.00153165,0.000737603
0.000418644,0.0619243,-0.00143943,0.000904455
0.000425181,0.0619243,-0.00132911,0.00105993
0.000430127,0.0619243,-0.00120208,0.00120208
0.000433546,0.0619243,-0.00105993,0.00132911
0.000435239,0.0619243,-0.000904455,0.00143943
0.000434742,0.0619243,-0.000737603,0.00153165
0.00043143,0.0619243,-0.000561475,0.0016046
0.000424802,0.0619243,-0.000378286,0.00165738
0.000416188,0.0619243,-0.00019034,0.00168931
0.000414672,0.0619243,-1.41274e-17,-0.0017
0.000416188,0.0619243,-0.00019034,-0.00168931
0.000424802,0.0619243,-0.000378286,-0.00165738
0.00043143,0.0619243,-0.000561475,-0.0016046
0.000434742,0.0619243,-0.000737603,-0.00153165
0.000435239,0.0619243,-0.000904455,-0.00143943
0.000433546,0.0619243,-0.00105993,-0.00132911
0.000430127,0.0619243,-0.00120208,-0.00120208
0.000425181,0.0619243,-0.00132911,-0.00105993
0.000418644,0.0619243,-0.00143943,-0.000904455
0.000410195,0.0619243,-0.00153165,-0.000737603
0.000399328,0.0619243,-0.0016046,-0.000561475
0.000385721,0.0619243,-0.00165738,-0.000378286
0.000370731,0.0619243,-0.00168931,-0.00019034
0.000474472,0.0619243,0.00168931,-0.00019034
0.000488471,0.0619243,0.00165738,-0.000378286
0.000499632,0.0619243,0.0016046,-0.000561475
0.000506538,0.0619243,0.00153165,-0.000737603
0.000509591,0.0619243,0.00143943,-0.000904455
0.00050941,0.0619243,0.00132911,-0.00105993
0.000506449,0.0619243,0.00120208,-0.00120208
0.00050091,0.0619243,0.00105993,-0.00132911
0.000492732,0.0619243,0.000904455,-0.00143943
0.000481609,0.0619243,0.000737603,-0.00153165
0.000467034,0.0619243,0.000561475,-0.0016046
0.000448776,0.0619243,0.000378286,-0.00165738
0.000428155,0.0619243,0.00019034,-0.00168931
0.000414642,0.0623065,-1.34573e-17,0.0017
0.000430322,0.0623065,0.00019034,0.00168931
0.000453167,0.0623065,0.000378286,0.00165738
0.000473558,0.0623065,0.000561475,0.0016046
0.0004902,0.0623065,0.000737603,0.00153165
0.000503279,0.0623065,0.000904455,0.00143943
0.000513279,0.0623065,0.00105993,0.00132911
0.000520477,0.0623065,0.00120208,0.00120208
0.000524906,0.0623065,0.00132911,0.00105993
0.000526334,0.0623065,0.00143943,0.000904455
0.000524285,0.0623065,0.00153165,0.000737603
0.000518111,0.0623065,0.0016046,0.000561475
0.000507398,0.0623065,0.00165738,0.000378286
0.000493569,0.0623065,0.00168931,0.00019034
0.000486254,0.0623065,0.0017,-3.77476e-19
0.00034504,0.0623065,-0.0017,3.77476e-19
0.000352553,0.0623065,-0.00168931,0.00019034
0.000367712,0.0623065,-0.00165738,0.000378286
0.000381733,0.0623065,-0.0016046,0.000561475
0.000393278,0.0623065,-0.00153165,0.000737603
0.000402658,0.0623065,-0.00143943,0.000904455
0.00041036,0.0623065,-0.00132911,0.00105993
0.000416682,0.0623065,-0.00120208,0.00120208
0.000421666,0.0623065,-0.00105993,0.00132911
0.00042509,0.0623065,-0.000904455,0.00143943
0.000426462,0.0623065,-0.000737603,0.00153165
0.000425137,0.0623065,-0.000561475,0.0016046
0.000420563,0.0623065,-0.000378286,0.00165738
0.000414047,0.0623065,-0.00019034,0.00168931
0.000414642,0.0623065,-1.42123e-17,-0.0017
0.000414047,0.0623065,-0.00019034,-0.00168931
0.000420563,0.0623065,-0.000378286,-0.00165738
0.000425137,0.0623065,-0.000561475,-0.0016046
0.000426462,0.0623065,-0.000737603,-0.00153165
0.00042509,0.0623065,-0.000904455,-0.00143943
0.000421666,0.0623065,-0.00105993,-0.00132911
0.000416682,0.0623065,-0.00120208,-0.00120208
0.00041036,0.0623065,-0.00132911,-0.00105993
0.000402658,0.0623065,-0.00143943,-0.000904455
0.000393278,0.0623065,-0.00153165,-0.000737603
0.000381732,0.0623065,-0.0016046,-0.000561475
0.00036771,0.0623065,-0.00165738,-0.000378286
0.000352552,0.0623065,-0.00168931,-0.00019034
0.000493568,0.0623065,0.00168931,-0.00019034
0.000507397,0.0623065,0.00165738,-0.000378286
0.000518111,0.0623065,0.0016046,-0.000561475
0.000524285,0.0623065,0.00153165,-0.000737603
0.000526334,0.0623065,0.00143943,-0.000904455
0.000524906,0.0623065,0.00132911,-0.00105993
0.000520478,0.0623065,0.00120208,-0.00120208
0.00051328,0.0623065,0.00105993,-0.00132911
0.000503279,0.0623065,0.000904455,-0.00143943
0.000490201,0.0623065,0.000737603,-0.00153165
0.000473558,0.0623065,0.000561475,-0.0016046
0.000453167,0.0623065,0.000378286,-0.00165738
0.000430322,0.0623065,0.00019034,-0.00168931
0.000415475,0.0626888,-1.35422e-17,0.0017
0.000434179,0.0626888,0.00019034,0.00168931
0.000460093,0.0626888,0.000378286,0.00165738
0.000483432,0.0626888,0.000561475,0.0016046
0.000502938,0.0626888,0.000737603,0.00153165
0.000518732,0.0626888,0.000904455,0.00143943
0.000531272,0.0626888,0.00105993,0.00132911
0.00054079,0.0626888,0.00120208,0.00120208
0.000547277,0.0626888,0.00132911,0.00105993
0.000550463,0.0626888,0.00143943,0.000904455
0.000549831,0.0626888,0.00153165,0.000737603
0.000544697,0.0626888,0.0016046,0.000561475
0.000534621,0.0626888,0.00165738,0.000378286
0.000521035,0.0626888,0.00168931,0.00019034
0.000513749,0.0626888,0.0017,-3.77476e-19
0.000321184,0.0626888,-0.0017,3.77476e-19
0.00032873,0.0626888,-0.00168931,0.00019034
0.000344109,0.0626888,-0.00165738,0.000378286
0.000358684,0.0626888,-0.0016046,0.000561475
0.000371135,0.0626888,-0.00153165,0.000737603
0.000381763,0.0626888,-0.00143943,0.000904455
0.00039103,0.0626888,-0.00132911,0.00105993
0.000399208,0.0626888,-0.00120208,0.00120208
0.00040631,0.0626888,-0.00105993,0.00132911
0.000412082,0.0626888,-0.000904455,0.00143943
0.000415998,0.0626888,-0.000737603,0.00153165
0.000417384,0.0626888,-0.000561475,0.0016046
0.000415619,0.0626888,-0.000378286,0.00165738
0.000411979,0.0626888,-0.00019034,0.00168931
0.000415475,0.0626888,-1.42972e-17,-0.0017
0.000411979,0.0626888,-0.00019034,-0.00168931
0.000415619,0.0626888,-0.000378286,-0.00165738
0.000417384,0.0626888,-0.000561475,-0.0016046
0.000415998,0.0626888,-0.000737603,-0.00153165
0.000412082,0.0626888,-0.000904455,-0.00143943
0.00040631,0.0626888,-0.00105993,-0.00132911
0.000399208,0.0626888,-0.00120208,-0.00120208
0.00039103,0.0626888,-0.00132911,-0.00105993
0.000381763,0.0626888,-0.00143943,-0.000904455
0.000371134,0.0626888,-0.00153165,-0.000737603
0.000358682,0.0626888,-0.0016046,-0.000561475
0.000344108,0.0626888,-0.00165738,-0.000378286
0.000328729,0.0626888,-0.00168931,-0.00019034
0.000521035,0.0626888,0.00168931,-0.00019034
0.000534621,0.0626888,0.00165738,-0.000378286
0.000544697,0.0626888,0.0016046,-0.000561475
0.000549832,0.0626888,0.00153165,-0.000737603
0.000550464,0.0626888,0.00143943,-0.000904455
0.000547277,0.0626888,0.00132911,-0.00105993
0.00054079,0.0626888,0.00120208,-0.00120208
0.000531273,0.0626888,0.00105993,-0.00132911
0.000518734,0.0626888,0.000904455,-0.00143943
0.000502938,0.0626888,0.000737603,-0.00153165
0.000483432,0.0626888,0.000561475,-0.0016046
0.000460093,0.0626888,0.000378286,-0.00165738
0.000434179,0.0626888,0.00019034,-0.00168931
0.000415167,0.063071,-1.36271e-17,0.0017
0.000437897,0.063071,0.00019034,0.00168931
0.000467913,0.063071,0.000378286,0.00165738
0.00049521,0.063071,0.000561475,0.0016046
0.000518578,0.063071,0.000737603,0.00153165
0.000538049,0.063071,0.000904455,0.00143943
0.000554041,0.063071,0.00105993,0.00132911
0.000566725,0.063071,0.00120208,0.00120208
0.000576032,0.063071,0.00132911,0.00105993
0.000581632,0.063071,0.00143943,0.000904455
0.000582948,0.063071,0.00153165,0.000737603
0.00057924,0.063071,0.0016046,0.000561475
0.000570031,0.063071,0.00165738,0.000378286
0.000556768,0.063071,0.00168931,0.00019034
0.000549514,0.063071,0.0017,-3.77476e-19
0.000288769,0.063071,-0.0017,3.77476e-19
0.000296352,0.063071,-0.00168931,0.00019034
0.000312,0.063071,-0.00165738,0.000378286
0.000327269,0.063071,-0.0016046,0.000561475
0.000340873,0.063071,-0.00153165,0.000737603
0.000353095,0.063071,-0.00143943,0.000904455
0.00036437,0.063071,-0.00132911,0.00105993
0.000374937,0.063071,-0.00120208,0.00120208
0.000384776,0.063071,-0.00105993,0.00132911
0.000393595,0.063071,-0.000904455,0.00143943
0.000400825,0.063071,-0.000737603,0.00153165
0.000405756,0.063071,-0.000561475,0.0016046
0.000407676,0.063071,-0.000378286,0.00165738
0.000407828,0.063071,-0.00019034,0.00168931
0.000415167,0.063071,-1.43821e-17,-0.0017
0.000407828,0.063071,-0.00019034,-0.00168931
0.000407676,0.063071,-0.000378286,-0.00165738
0.000405756,0.063071,-0.000561475,-0.0016046
0.000400825,0.063071,-0.000737603,-0.00153165
0.000393595,0.063071,-0.000904455,-0.00143943
0.000384776,0.063071,-0.00105993,-0.00132911
0.000374937,0.063071,-0.00120208,-0.00120208
0.00036437,0.063071,-0.00132911,-0.00105993
0.000353095,0.063071,-0.00143943,-0.000904455
0.000340872,0.063071,-0.00153165,-0.000737603
0.000327269,0.063071,-0.0016046,-0.000561475
0.000312,0.063071,-0.00165738,-0.000378286
0.000296352,0.063071,-0.00168931,-0.00019034
0.000556769,0.063071,0.00168931,-0.00019034
0.000570032,0.063071,0.00165738,-0.000378286
0.00057924,0.063071,0.0016046,-0.000561475
0.000582949,0.063071,0.00153165,-0.000737603
0.000581634,0.063071,0.00143943,-0.000904455
0.000576033,0.063071,0.00132911,-0.00105993
0.000566725,0.063071,0.00120208,-0.00120208
0.000554043,0.063071,0.00105993,-0.00132911
0.00053805,0.063071,0.000904455,-0.00143943
0.000518578,0.063071,0.000737603,-0.00153165
0.00049521,0.063071,0.000561475,-0.0016046
0.000467913,0.063071,0.000378286,-0.00165738
0.000437897,0.063071,0.00019034,-0.00168931
0.000417909,0.0634533,-1.3712e-17,0.0017
0.000446321,0.0634533,0.00019034,0.00168931
0.000482144,0.0634533,0.000378286,0.00165738
0.000515065,0.0634533,0.000561475,0.0016046
0.000543937,0.0634533,0.000737603,0.00153165
0.000568676,0.0634533,0.000904455,0.00143943
0.000589638,0.0634533,0.00105993,0.00132911
0.000606907,0.0634533,0.00120208,0.00120208
0.000625405,0.0634533,0.00132911,0.00105993
0.000643744,0.0634533,0.00143943,0.000904455
0.000651947,0.0634533,0.00153165,0.000737603
0.000648213,0.0634533,0.0016046,0.000561475
0.000631215,0.0634533,0.00165738,0.000378286
0.000611511,0.0634533,0.00168931,0.00019034
0.000604304,0.0634533,0.0017,-3.77476e-19
0.000247674,0.0634533,-0.0017,3.77476e-19
0.000255309,0.0634533,-0.00168931,0.00019034
0.000271316,0.0634533,-0.00165738,0.000378286
0.0002875,0.0634533,-0.0016046,0.000561475
0.000302626,0.0634533,-0.00153165,0.000737603
0.000316964,0.0634533,-0.00143943,0.000904455
0.00033092,0.0634533,-0.00132911,0.00105993
0.000344696,0.0634533,-0.00120208,0.00120208
0.000358233,0.0634533,-0.00105993,0.00132911
0.000371197,0.0634533,-0.000904455,0.00143943
0.00038296,0.0634533,-0.000737603,0.00153165
0.000392761,0.0634533,-0.000561475,0.0016046
0.00039977,0.0634533,-0.000378286,0.00165738
0.000405187,0.0634533,-0.00019034,0.00168931
0.000417909,0.0634533,-1.44669e-17,-0.0017
0.000405187,0.0634533,-0.00019034,-0.00168931
0.00039977,0.0634533,-0.000378286,-0.00165738
0.000392761,0.0634533,-0.000561475,-0.0016046
0.00038296,0.0634533,-0.000737603,-0.00153165
0.000371197,0.0634533,-0.000904455,-0.00143943
0.000358233,0.0634533,-0.00105993,-0.00132911
0.000344696,0.0634533,-0.00120208,-0.00120208
0.00033092,0.0634533,-0.00132911,-0.00105993
0.000316964,0.0634533,-0.00143943,-0.000904455
0.000302626,0.0634533,-0.00153165,-0.000737603
0.0002875,0.0634533,-0.0016046,-0.000561475
0.000271316,0.0634533,-0.00165738,-0.000378286
0.000255309,0.0634533,-0.00168931,-0.00019034
0.000611512,0.0634533,0.00168931,-0.00019034
0.00063122,0.0634533,0.00165738,-0.000378286
0.000648219,0.0634533,0.0016046,-0.000561475
0.000651952,0.0634533,0.00153165,-0.000737603
0.000643749,0.0634533,0.00143943,-0.000904455
0.00062541,0.0634533,0.00132911,-0.00105993
0.000606909,0.0634533,0.00120208,-0.00120208
0.00058964,0.0634533,0.00105993,-0.00132911
0.000568677,0.0634533,0.000904455,-0.00143943
0.000543938,0.0634533,0.000737603,-0.00153165
0.000515066,0.0634533,0.000561475,-0.0016046
0.000482145,0.0634533,0.000378286,-0.00165738
0.000446321,0.0634533,0.00019034,-0.00168931
0.00041635,0.0638355,-1.37969e-17,0.0017
0.000452175,0.0638355,0.00019034,0.00168931
0.000495579,0.0638355,0.000378286,0.00165738
0.000535921,0.0638355,0.000561475,0.0016046
0.000572133,0.0638355,0.000737603,0.00153165
0.000603972,0.0638355,0.000904455,0.00143943
0.000645079,0.0638355,0.00105993,0.00132911
0.000692712,0.0638355,0.00120208,0.00120208
0.000731325,0.0638355,0.00132911,0.00105993
0.000759748,0.0638355,0.00143943,0.000904455
0.00077628,0.0638355,0.00153165,0.000737603
0.000778816,0.0638355,0.0016046,0.000561475
0.000765784,0.0638355,0.00165738,0.000378286
0.000739775,0.0638355,0.00168931,0.00019034
0.000724297,0.0638355,0.0017,-3.77476e-19
0.000191426,0.0638355,-0.0017,3.77476e-19
0.000199087,0.0638355,-0.00168931,0.00019034
0.000215449,0.0638355,-0.00165738,0.000378286
0.00023266,0.0638355,-0.0016046,0.000561475
0.000249557,0.0638355,-0.00153165,0.000737603
0.000266406,0.0638355,-0.00143943,0.000904455
0.000283584,0.0638355,-0.00132911,0.00105993
0.000301263,0.0638355,-0.00120208,0.00120208
0.00031934,0.0638355,-0.00105993,0.00132911
0.000337441,0.0638355,-0.000904455,0.00143943
0.000354878,0.0638355,-0.000737603,0.00153165
0.000370847,0.0638355,-0.000561475,0.0016046
0.000384379,0.0638355,-0.000378286,0.00165738
0.000396603,0.0638355,-0.00019034,0.00168931
0.00041635,0.0638355,-1.45518e-17,-0.0017
0.000396603,0.0638355,-0.00019034,-0.00168931
0.000384379,0.0638355,-0.000378286,-0.00165738
0.000370847,0.0638355,-0.000561475,-0.0016046
0.000354878,0.0638355,-0.000737603,-0.00153165
0.000337441,0.0638355,-0.000904455,-0.00143943
0.00031934,0.0638355,-0.00105993,-0.00132911
0.000301263,0.0638355,-0.00120208,-0.00120208
0.000283584,0.0638355,-0.00132911,-0.00105993
0.000266406,0.0638355,-0.00143943,-0.000904455
0.000249557,0.0638355,-0.00153165,-0.000737603
0.00023266,0.0638355,-0.0016046,-0.000561475
0.000215449,0.0638355,-0.00165738,-0.000378286
0.000199087,0.0638355,-0.00168931,-0.00019034
0.000739777,0.0638355,0.00168931,-0.00019034
0.000765788,0.0638355,0.00165738,-0.000378286
0.00077882,0.0638355,0.0016046,-0.000561475
0.000776283,0.0638355,0.00153165,-0.000737603
0.000759751,0.0638355,0.00143943,-0.000904455
0.000731328,0.0638355,0.00132911,-0.00105993
0.000692716,0.0638355,0.00120208,-0.00120208
0.000645082,0.0638355,0.00105993,-0.00132911
0.000603973,0.0638355,0.000904455,-0.00143943
0.000572134,0.0638355,0.000737603,-0.00153165
0.000535922,0.0638355,0.000561475,-0.0016046
0.000495579,0.0638355,0.000378286,-0.00165738
0.000452175,0.0638355,0.00019034,-0.00168931
0.000419961,0.0642178,-1.38817e-17,0.0017
0.000466591,0.0642178,0.00019034,0.00168931
0.000520901,0.0642178,0.000378286,0.00165738
0.000572075,0.0642178,0.000561475,0.0016046
0.000619103,0.0642178,0.000737603,0.00153165
0.000698088,0.0642178,0.000904455,0.00143943
0.000774821,0.0642178,0.00105993,0.00132911
0.000841912,0.0642178,0.00120208,0.00120208
0.000898354,0.0642178,0.00132911,0.00105993
0.000942484,0.0642178,0.00143943,0.000904455
0.000972126,0.0642178,0.00153165,0.000737603
0.000984587,0.0642178,0.0016046,0.000561475
0.000977981,0.0642178,0.00165738,0.000378286
0.000954356,0.0642178,0.00168931,0.00019034
0.000938905,0.0642178,0.0017,-3.77476e-19
0.000121655,0.0642178,-0.0017,3.77476e-19
0.000129411,0.0642178,-0.00168931,0.00019034
0.000146277,0.0642178,-0.00165738,0.000378286
0.000164785,0.0642178,-0.0016046,0.000561475
0.000183926,0.0642178,-0.00153165,0.000737603
0.00020397,0.0642178,-0.00143943,0.000904455
0.000225283,0.0642178,-0.00132911,0.00105993
0.000248006,0.0642178,-0.00120208,0.00120208
0.000272011,0.0642178,-0.00105993,0.00132911
0.000296882,0.0642178,-0.000904455,0.00143943
0.000321905,0.0642178,-0.000737603,0.00153165
0.000346206,0.0642178,-0.000561475,0.0016046
0.000368684,0.0642178,-0.000378286,0.00165738
0.00039023,0.0642178,-0.00019034,0.00168931
0.000419962,0.0642178,-1.46367e-17,-0.0017
0.000390231,0.0642178,-0.00019034,-0.00168931
0.000368684,0.0642178,-0.000378286,-0.00165738
0.000346206,0.0642178,-0.000561475,-0.0016046
0.000321905,0.0642178,-0.000737603,-0.00153165
0.000296882,0.0642178,-0.000904455,-0.00143943
0.000272011,0.0642178,-0.00105993,-0.00132911
0.000248006,0.0642178,-0.00120208,-0.00120208
0.000225283,0.0642178,-0.00132911,-0.00105993
0.00020397,0.0642178,-0.00143943,-0.000904455
0.000183926,0.0642178,-0.00153165,-0.000737603
0.000164785,0.0642178,-0.0016046,-0.000561475
0.000146278,0.0642178,-0.00165738,-0.000378286
0.000129412,0.0642178,-0.00168931,-0.00019034
0.000954359,0.0642178,0.00168931,-0.00019034
0.000977985,0.0642178,0.00165738,-0.000378286
0.000984588,0.0642178,0.0016046,-0.000561475
0.000972126,0.0642178,0.00153165,-0.000737603
0.000942485,0.0642178,0.00143943,-0.000904455
0.000898354,0.0642178,0.00132911,-0.00105993
0.000841913,0.0642178,0.00120208,-0.00120208
0.000774822,0.0642178,0.00105993,-0.00132911
0.000698089,0.0642178,0.000904455,-0.00143943
0.000619102,0.0642178,0.000737603,-0.00153165
0.000572076,0.0642178,0.000561475,-0.0016046
0.000520901,0.0642178,0.000378286,-0.00165738
0.000466591,0.0642178,0.00019034,-0.00168931
0.000442855,0.0646,-1.39666e-17,0.0017
0.000506013,0.0646,0.00019034,0.00168931
0.000576531,0.0646,0.000378286,0.00165738
0.000659628,0.0646,0.000561475,0.0016046
0.000789079,0.0646,0.000737603,0.00153165
0.000909308,0.0646,0.000904455,0.00143943
0.00102003,0.0646,0.00105993,0.00132911
0.00111997,0.0646,0.00120208,0.00120208
0.00122964,0.0646,0.00132911,0.00105993
0.00132002,0.0646,0.00143943,0.000904455
0.00138695,0.0646,0.00153165,0.000737603
0.00142566,0.0646,0.0016046,0.000561475
0.00143309,0.0646,0.00165738,0.000378286
0.0014104,0.0646,0.00168931,0.00019034
0.00139189,0.0646,0.0017,-3.77476e-19
4.26176e-05,0.0646,-0.0017,3.77476e-19
5.05215e-05,0.0646,-0.00168931,0.00019034
6.79576e-05,0.0646,-0.00165738,0.000378286
8.79526e-05,0.0646,-0.0016046,0.000561475
0.000109829,0.0646,-0.00153165,0.000737603
0.000133868,0.0646,-0.00143943,0.000904455
0.000160463,0.0646,-0.00132911,0.00105993
0.000189759,0.0646,-0.00120208,0.00120208
0.000221643,0.0646,-0.00105993,0.00132911
0.000255721,0.0646,-0.000904455,0.00143943
0.000291269,0.0646,-0.000737603,0.00153165
0.000327332,0.0646,-0.000561475,0.0016046
0.000362874,0.0646,-0.000378286,0.00165738
0.000398019,0.0646,-0.00019034,0.00168931
0.000442855,0.0646,-1.47216e-17,-0.0017
0.000398019,0.0646,-0.00019034,-0.00168931
0.000362874,0.0646,-0.000378286,-0.00165738
0.000327332,0.0646,-0.000561475,-0.0016046
0.000291269,0.0646,-0.000737603,-0.00153165
0.000255721,0.0646,-0.000904455,-0.00143943
0.000221643,0.0646,-0.00105993,-0.00132911
0.000189759,0.0646,-0.00120208,-0.00120208
0.000160463,0.0646,-0.00132911,-0.00105993
0.000133869,0.0646,-0.00143943,-0.000904455
0.00010983,0.0646,-0.00153165,-0.000737603
8.79526e-05,0.0646,-0.0016046,-0.000561475
6.79578e-05,0.0646,-0.00165738,-0.000378286
5.05219e-05,0.0646,-0.00168931,-0.00019034
0.0014104,0.0646,0.00168931,-0.00019034
0.00143309,0.0646,0.00165738,-0.000378286
0.00142566,0.0646,0.0016046,-0.000561475
0.00138695,0.0646,0.00153165,-0.000737603
0.00132002,0.0646,0.00143943,-0.000904455
0.00122964,0.0646,0.00132911,-0.00105993
0.00111997,0.0646,0.00120208,-0.00120208
0.00102003,0.0646,0.00105993,-0.00132911
0.000909308,0.0646,0.000904455,-0.00143943
0.00078908,0.0646,0.000737603,-0.00153165
0.00065963,0.0646,0.000561475,-0.0016046
0.000576532,0.0646,0.000378286,-0.00165738
0.000506013,0.0646,0.00019034,-0.00168931
0.000355883,0.0648519,-3.437e-06,0.00168854
0.000423286,0.0648519,0.00018562,0.00167793
0.000497256,0.0648519,0.000372299,0.00164621
0.000569088,0.0648519,0.000554254,0.00159379
0.000644751,0.0648519,0.000729195,0.00152133
0.000776028,0.0648519,0.000894923,0.00142973
0.000898556,0.0648519,0.00104935,0.00132016
0.0010109,0.0648519,0.00119054,0.00119398
0.00113682,0.0648519,0.00131672,0.00105279
0.00124274,0.0648519,0.00142629,0.00089836
0.00132442,0.0648519,0.00151789,0.000732632
0.00137659,0.0648519,0.00159035,0.000557691
0.00139574,0.0648519,0.00164277,0.000375736
0.00138141,0.0648519,0.00167449,0.000189057
0.00136582,0.0648519,0.00168511,-3.74169e-19
0,0.0648519,-0.00169198,3.75695e-19
0,0.0648519,-0.00168136,0.000189057
0,0.0648519,-0.00164965,0.000375736
0,0.0648519,-0.00159723,0.000557691
0,0.0648519,-0.00152476,0.000732632
2.07115e-05,0.0648519,-0.00143317,0.00089836
4.80156e-05,0.0648519,-0.00132359,0.00105279
7.84775e-05,0.0648519,-0.00119742,0.00119398
0.000112014,0.0648519,-0.00105623,0.00132016
0.000148288,0.0648519,-0.000901797,0.00142973
0.000186659,0.0648519,-0.000736069,0.00152133
0.000226204,0.0648519,-0.000561128,0.00159379
0.000266192,0.0648519,-0.000379173,0.00164621
0.000306127,0.0648519,-0.000192494,0.00167793
0.000355883,0.0648519,-3.437e-06,-0.00168854
0.000306127,0.0648519,-0.000192494,-0.00167793
0.000266192,0.0648519,-0.000379173,-0.00164621
0.000226204,0.0648519,-0.000561128,-0.00159379
0.000186659,0.0648519,-0.000736069,-0.00152133
0.000148288,0.0648519,-0.000901797,-0.00142973
0.000112014,0.0648519,-0.00105623,-0.00132016
7.84775e-05,0.0648519,-0.00119742,-0.00119398
4.80156e-05,0.0648519,-0.00132359,-0.00105279
2.07117e-05,0.0648519,-0.00143317,-0.00089836
0,0.0648519,-0.00152476,-0.000732632
0,0.0648519,-0.00159723,-0.000557691
0,0.0648519,-0.00164965,-0.000375736
0,0.0648519,-0.00168136,-0.000189057
0.00138141,0.0648519,0.00167449,-0.000189057
0.00139574,0.0648519,0.00164277,-0.000375736
0.00137659,0.0648519,0.00159035,-0.000557691
0.00132442,0.0648519,0.00151789,-0.000732632
0.00124274,0.0648519,0.00142629,-0.00089836
0.00113682,0.0648519,0.00131672,-0.00105279
0.0010109,0.0648519,0.00119054,-0.00119398
0.000898557,0.0648519,0.00104935,-0.00132016
0.000776029,0.0648519,0.000894923,-0.00142973
0.000644752,0.0648519,0.000729195,-0.00152133
0.000569088,0.0648519,0.000554254,-0.00159379
0.000497256,0.0648519,0.000372299,-0.00164621
0.000423286,0.0648519,0.00018562,-0.00167793
0.000110622,0.0651037,-1.3562e-05,0.00165479
0.000166066,0.0651037,0.000171716,0.00164439
0.000226912,0.0651037,0.000354664,0.0016133
0.000286142,0.0651037,0.000532982,0.00156193
0.000342625,0.0651037,0.000704426,0.00149092
0.000395952,0.0651037,0.000866841,0.00140115
0.000445715,0.0651037,0.00101819,0.00129377
0.000491241,0.0651037,0.00115655,0.00117012
0.000531624,0.0651037,0.00128021,0.00103175
0.000565721,0.0651037,0.00138759,0.000880403
0.000592247,0.0651037,0.00147736,0.000717988
0.000609628,0.0651037,0.00154837,0.000546544
0.00061679,0.0651037,0.00159974,0.000368226
0.00061379,0.0651037,0.00163083,0.000185278
0.000609788,0.0651037,0.00164123,-3.64427e-19
0,0.0651037,-0.00166836,3.70449e-19
0,0.0651037,-0.00165795,0.000185278
0,0.0651037,-0.00162687,0.000368226
0,0.0651037,-0.00157549,0.000546544
0,0.0651037,-0.00150448,0.000717988
0,0.0651037,-0.00141472,0.000880403
0,0.0651037,-0.00130733,0.00103175
0,0.0651037,-0.00118368,0.00117012
0,0.0651037,-0.00104531,0.00129377
0,0.0651037,-0.000893965,0.00140115
0,0.0651037,-0.00073155,0.00149092
1.93967e-06,0.0651037,-0.000560106,0.00156193
3.56296e-05,0.0651037,-0.000381788,0.0016133
6.92881e-05,0.0651037,-0.00019884,0.00164439
0.000110622,0.0651037,-1.3562e-05,-0.00165479
6.92881e-05,0.0651037,-0.00019884,-0.00164439
3.56296e-05,0.0651037,-0.000381788,-0.0016133
1.93967e-06,0.0651037,-0.000560106,-0.00156193
0,0.0651037,-0.00073155,-0.00149092
0,0.0651037,-0.000893965,-0.00140115
0,0.0651037,-0.00104531,-0.00129377
0,0.0651037,-0.00118368,-0.00117012
0,0.0651037,-0.00130733,-0.00103175
0,0.0651037,-0.00141472,-0.000880403
0,0.0651037,-0.00150448,-0.000717988
0,0.0651037,-0.00157549,-0.000546544
0,0.0651037,-0.00162687,-0.000368226
0,0.0651037,-0.00165795,-0.000185278
0.000613791,0.0651037,0.00163083,-0.000185278
0.00061679,0.0651037,0.00159974,-0.000368226
0.000609627,0.0651037,0.00154837,-0.000546544
0.000592247,0.0651037,0.00147736,-0.000717988
0.000565719,0.0651037,0.00138759,-0.000880403
0.000531622,0.0651037,0.00128021,-0.00103175
0.000491241,0.0651037,0.00115655,-0.00117012
0.000445716,0.0651037,0.00101819,-0.00129377
0.000395953,0.0651037,0.000866841,-0.00140115
0.000342625,0.0651037,0.000704426,-0.00149092
0.000286142,0.0651037,0.000532982,-0.00156193
0.000226912,0.0651037,0.000354664,-0.0016133
0.000166067,0.0651037,0.000171716,-0.00164439
0,0.0653556,-2.9829e-05,0.00160057
0,0.0653556,0.000149378,0.0015905
0,0.0653556,0.000326331,0.00156044
0,0.0653556,0.000498805,0.00151075
0,0.0653556,0.000664632,0.00144206
3.01586e-05,0.0653556,0.000821725,0.00135524
6.54451e-05,0.0653556,0.000968109,0.00125138
9.75e-05,0.0653556,0.00110194,0.00113177
0.000125722,0.0653556,0.00122155,0.000997938
0.000149373,0.0653556,0.00132541,0.000851554
0.000167502,0.0653556,0.00141223,0.000694461
0.000179129,0.0653556,0.00148092,0.000528634
0.000183613,0.0653556,0.00153061,0.00035616
0.000181207,0.0653556,0.00156068,0.000179207
0.000178387,0.0653556,0.00157074,-3.48774e-19
0,0.0653556,-0.0016304,3.62021e-19
0,0.0653556,-0.00162033,0.000179207
0,0.0653556,-0.00159027,0.00035616
0,0.0653556,-0.00154058,0.000528634
0,0.0653556,-0.00147189,0.000694461
0,0.0653556,-0.00138507,0.000851554
0,0.0653556,-0.0012812,0.000997938
0,0.0653556,-0.0011616,0.00113177
0,0.0653556,-0.00102777,0.00125138
0,0.0653556,-0.000881383,0.00135524
0,0.0653556,-0.00072429,0.00144206
0,0.0653556,-0.000558463,0.00151075
0,0.0653556,-0.000385989,0.00156044
0,0.0653556,-0.000209036,0.0015905
0,0.0653556,-2.9829e-05,-0.00160057
0,0.0653556,-0.000209036,-0.0015905
0,0.0653556,-0.000385989,-0.00156044
0,0.0653556,-0.000558463,-0.00151075
0,0.0653556,-0.00072429,-0.00144206
0,0.0653556,-0.000881383,-0.00135524
0,0.0653556,-0.00102777,-0.00125138
0,0.0653556,-0.0011616,-0.00113177
0,0.0653556,-0.0012812,-0.000997938
0,0.0653556,-0.00138507,-0.000851554
0,0.0653556,-0.00147189,-0.000694461
0,0.0653556,-0.00154058,-0.000528634
0,0.0653556,-0.00159027,-0.00035616
0,0.0653556,-0.00162033,-0.000179207
0.000181209,0.0653556,0.00156068,-0.000179207
0.000183613,0.0653556,0.00153061,-0.00035616
0.000179128,0.0653556,0.00148092,-0.000528634
0.000167502,0.0653556,0.00141223,-0.000694461
0.000149372,0.0653556,0.00132541,-0.000851554
0.000125721,0.0653556,0.00122155,-0.000997938
9.75e-05,0.0653556,0.00110194,-0.00113177
6.54459e-05,0.0653556,0.000968109,-0.00125138
3.01598e-05,0.0653556,0.000821725,-0.00135524
0,0.0653556,0.000664632,-0.00144206
0,0.0653556,0.000498805,-0.00151075
0,0.0653556,0.000326331,-0.00156044
0,0.0653556,0.000149378,-0.0015905
0,0.0656074,-5.1362e-05,0.00152879
0,0.0656074,0.000119808,0.00151918
0,0.0656074,0.000288826,0.00149046
0,0.0656074,0.000453566,0.001443
0,0.0656074,0.000611956,0.00137739
0,0.0656074,0.000762004,0.00129447
0,0.0656074,0.000901824,0.00119526
0,0.0656074,0.00102966,0.00108102
0,0.0656074,0.0011439,0.000953186
0,0.0656074,0.0012431,0.000813366
0,0.0656074,0.00132603,0.000663318
0,0.0656074,0.00139164,0.000504928
0,0.0656074,0.0014391,0.000340188
0,0.0656074,0.00146782,0.00017117
0,0.0656074,0.00147743,-3.28055e-19
0,0.0656074,-0.00158015,3.50865e-19
0,0.0656074,-0.00157054,0.00017117
0,0.0656074,-0.00154182,0.000340188
0,0.0656074,-0.00149436,0.000504928
0,0.0656074,-0.00142876,0.000663318
0,0.0656074,-0.00134583,0.000813367
0,0.0656074,-0.00124662,0.000953186
0,0.0656074,-0.00113238,0.00108102
0,0.0656074,-0.00100455,0.00119526
0,0.0656074,-0.000864729,0.00129447
0,0.0656074,-0.00071468,0.00137739
0,0.0656074,-0.00055629,0.001443
0,0.0656074,-0.00039155,0.00149046
0,0.0656074,-0.000222532,0.00151918
0,0.0656074,-5.1362e-05,-0.00152879
0,0.0656074,-0.000222532,-0.00151918
0,0.0656074,-0.00039155,-0.00149046
0,0.0656074,-0.00055629,-0.001443
0,0.0656074,-0.00071468,-0.00137739
0,0.0656074,-0.000864729,-0.00129447
0,0.0656074,-0.00100455,-0.00119526
0,0.0656074,-0.00113238,-0.00108102
0,0.0656074,-0.00124662,-0.000953186
0,0.0656074,-0.00134583,-0.000813367
0,0.0656074,-0.00142876,-0.000663318
0,0.0656074,-0.00149436,-0.000504928
0,0.0656074,-0.00154182,-0.000340188
0,0.0656074,-0.00157054,-0.00017117
0,0.0656074,0.00146782,-0.00017117
0,0.0656074,0.0014391,-0.000340188
0,0.0656074,0.00139164,-0.000504928
0,0.0656074,0.00132603,-0.000663318
0,0.0656074,0.0012431,-0.000813366
0,0.0656074,0.0011439,-0.000953186
0,0.0656074,0.00102966,-0.00108102
0,0.0656074,0.000901824,-0.00119526
0,0.0656074,0.000762004,-0.00129447
0,0.0656074,0.000611956,-0.00137739
0,0.0656074,0.000453566,-0.001443
0,0.0656074,0.000288826,-0.00149046
0,0.0656074,0.000119808,-0.00151918
0,0.0658593,-7.7e-05,0.00144333
0,0.0658593,8.46021e-05,0.00143426
0,0.0658593,0.000244172,0.00140715
0,0.0658593,0.000399703,0.00136234
0,0.0658593,0.000549239,0.0013004
0,0.0658593,0.0006909,0.00122211
0,0.0658593,0.000822904,0.00112844
0,0.0658593,0.000943591,0.00102059
0,0.0658593,0.00105144,0.000899904
0,0.0658593,0.00114511,0.0007679
0,0.0658593,0.0012234,0.000626239
0,0.0658593,0.00128534,0.000476703
0,0.0658593,0.00133015,0.000321172
0,0.0658593,0.00135726,0.000161602
0,0.0658593,0.00136633,-3.03387e-19
0,0.0658593,-0.00152033,3.37582e-19
0,0.0658593,-0.00151126,0.000161602
0,0.0658593,-0.00148415,0.000321172
0,0.0658593,-0.00143934,0.000476703
0,0.0658593,-0.0013774,0.000626239
0,0.0658593,-0.00129911,0.0007679
0,0.0658593,-0.00120544,0.000899904
0,0.0658593,-0.00109759,0.00102059
0,0.0658593,-0.000976904,0.00112844
0,0.0658593,-0.0008449,0.00122211
0,0.0658593,-0.000703239,0.0013004
0,0.0658593,-0.000553703,0.00136234
0,0.0658593,-0.000398172,0.00140715
0,0.0658593,-0.000238602,0.00143426
0,0.0658593,-7.7e-05,-0.00144333
0,0.0658593,-0.000238602,-0.00143426
0,0.0658593,-0.000398172,-0.00140715
0,0.0658593,-0.000553703,-0.00136234
0,0.0658593,-0.000703239,-0.0013004
0,0.0658593,-0.0008449,-0.00122211
0,0.0658593,-0.000976904,-0.00112844
0,0.0658593,-0.00109759,-0.00102059
0,0.0658593,-0.00120544,-0.000899904
0,0.0658593,-0.00129911,-0.0007679
0,0.0658593,-0.0013774,-0.000626239
0,0.0658593,-0.00143934,-0.000476703
0,0.0658593,-0.00148415,-0.000321172
0,0.0658593,-0.00151126,-0.000161602
0,0.0658593,0.00135726,-0.000161602
0,0.0658593,0.00133015,-0.000321172
0,0.0658593,0.00128534,-0.000476703
0,0.0658593,0.0012234,-0.000626239
0,0.0658593,0.00114511,-0.0007679
0,0.0658593,0.00105144,-0.000899904
0,0.0658593,0.000943591,-0.00102059
0,0.0658593,0.000822904,-0.00112844
0,0.0658593,0.0006909,-0.00122211
0,0.0658593,0.000549239,-0.0013004
0,0.0658593,0.000399703,-0.00136234
0,0.0658593,0.000244172,-0.00140715
0,0.0658593,8.46021e-05,-0.00143426
0,0.0661111,-0.00010536,0.0013488
0,0.0661111,4.56577e-05,0.00134032
0,0.0661111,0.000194776,0.00131498
0,0.0661111,0.000340121,0.00127311
0,0.0661111,0.000479863,0.00121523
0,0.0661111,0.000612245,0.00114206
0,0.0661111,0.000735604,0.00105453
0,0.0661111,0.000848386,0.000953746
0,0.0661111,0.000949175,0.000840963
0,0.0661111,0.0010367,0.000717605
0,0.0661111,0.00110987,0.000585223
0,0.0661111,0.00116775,0.000445481
0,0.0661111,0.00120962,0.000300136
0,0.0661111,0.00123496,0.000151018
0,0.0661111,0.00124344,-2.76099e-19
0,0.0661111,-0.00145416,3.22888e-19
0,0.0661111,-0.00144568,0.000151018
0,0.0661111,-0.00142034,0.000300136
0,0.0661111,-0.00137847,0.000445481
0,0.0661111,-0.00132059,0.000585223
0,0.0661111,-0.00124742,0.000717605
0,0.0661111,-0.00115989,0.000840963
0,0.0661111,-0.00105911,0.000953746
0,0.0661111,-0.000946323,0.00105453
0,0.0661111,-0.000822965,0.00114206
0,0.0661111,-0.000690583,0.00121523
0,0.0661111,-0.000550841,0.00127311
0,0.0661111,-0.000405496,0.00131498
0,0.0661111,-0.000256378,0.00134032
0,0.0661111,-0.00010536,-0.0013488
0,0.0661111,-0.000256378,-0.00134032
0,0.0661111,-0.000405496,-0.00131498
0,0.0661111,-0.000550841,-0.00127311
0,0.0661111,-0.000690583,-0.00121523
0,0.0661111,-0.000822965,-0.00114206
0,0.0661111,-0.000946323,-0.00105453
0,0.0661111,-0.00105911,-0.000953746
0,0.0661111,-0.00115989,-0.000840963
0,0.0661111,-0.00124742,-0.000717605
0,0.0661111,-0.00132059,-0.000585223
0,0.0661111,-0.00137847,-0.000445481
0,0.0661111,-0.00142034,-0.000300136
0,0.0661111,-0.00144568,-0.000151018
0,0.0661111,0.00123496,-0.000151018
0,0.0661111,0.00120962,-0.000300136
0,0.0661111,0.00116775,-0.000445481
0,0.0661111,0.00110987,-0.000585223
0,0.0661111,0.0010367,-0.000717605
0,0.0661111,0.000949175,-0.000840963
0,0.0661111,0.000848386,-0.000953746
0,0.0661111,0.000735604,-0.00105453
0,0.0661111,0.000612245,-0.00114206
0,0.0661111,0.000479863,-0.00121523
0,0.0661111,0.000340121,-0.00127311
0,0.0661111,0.000194776,-0.00131498
0,0.0661111,4.56577e-05,-0.00134032
0,0.066363,-0.000134913,0.00125029
0,0.066363,5.07483e-06,0.00124243
0,0.066363,0.000143302,0.00121894
0,0.066363,0.000278031,0.00118013
0,0.066363,0.000407567,0.00112647
0,0.066363,0.00053028,0.00105865
0,0.066363,0.000644629,0.000977514
0,0.066363,0.000749174,0.000884087
0,0.066363,0.000842601,0.000779542
0,0.066363,0.000923736,0.000665193
0,0.066363,0.000991557,0.00054248
0,0.066363,0.00104521,0.000412944
0,0.066363,0.00108403,0.000278215
0,0.066363,0.00110751,0.000139988
0,0.066363,0.00111537,-2.47663e-19
0,0.066363,-0.0013852,3.07577e-19
0,0.066363,-0.00137734,0.000139988
0,0.066363,-0.00135385,0.000278215
0,0.066363,-0.00131504,0.000412944
0,0.066363,-0.00126138,0.00054248
0,0.066363,-0.00119356,0.000665194
0,0.066363,-0.00111243,0.000779542
0,0.066363,-0.001019,0.000884087
0,0.066363,-0.000914455,0.000977515
0,0.066363,-0.000800107,0.00105865
0,0.066363,-0.000677393,0.00112647
0,0.066363,-0.000547857,0.00118013
0,0.066363,-0.000413128,0.00121894
0,0.066363,-0.000274901,0.00124243
0,0.066363,-0.000134913,-0.00125029
0,0.066363,-0.000274901,-0.00124243
0,0.066363,-0.000413128,-0.00121894
0,0.066363,-0.000547857,-0.00118013
0,0.066363,-0.000677393,-0.00112647
0,0.066363,-0.000800107,-0.00105865
0,0.066363,-0.000914455,-0.000977515
0,0.066363,-0.001019,-0.000884087
0,0.066363,-0.00111243,-0.000779542
0,0.066363,-0.00119356,-0.000665194
0,0.066363,-0.00126138,-0.00054248
0,0.066363,-0.00131504,-0.000412944
0,0.066363,-0.00135385,-0.000278215
0,0.066363,-0.00137734,-0.000139988
0,0.066363,0.00110751,-0.000139988
0,0.066363,0.00108403,-0.000278215
0,0.066363,0.00104521,-0.000412944
0,0.066363,0.000991557,-0.00054248
0,0.066363,0.000923736,-0.000665193
0,0.066363,0.000842601,-0.000779542
0,0.066363,0.000749174,-0.000884087
0,0.066363,0.000644629,-0.000977514
0,0.066363,0.00053028,-0.00105865
0,0.066363,0.000407567,-0.00112647
0,0.066363,0.000278031,-0.00118013
0,0.066363,0.000143302,-0.00121894
0,0.066363,5.07483e-06,-0.00124243
0,0.0666148,-0.000164067,0.00115311
0,0.0666148,-3.49598e-05,0.00114586
0,0.0666148,9.25238e-05,0.0011242
0,0.0666148,0.000216781,0.0010884
0,0.0666148,0.000336248,0.00103892
0,0.0666148,0.000449424,0.000976365
0,0.0666148,0.000554884,0.000901537
0,0.0666148,0.000651304,0.000815371
0,0.0666148,0.00073747,0.000718952
0,0.0666148,0.000812298,0.000613491
0,0.0666148,0.000874848,0.000500315
0,0.0666148,0.000924333,0.000380848
0,0.0666148,0.00096013,0.000256591
0,0.0666148,0.000981791,0.000129107
0,0.0666148,0.000989041,-2.19611e-19
0,0.0666148,-0.00131718,2.92472e-19
0,0.0666148,-0.00130993,0.000129107
0,0.0666148,-0.00128826,0.000256591
0,0.0666148,-0.00125247,0.000380848
0,0.0666148,-0.00120298,0.000500315
0,0.0666148,-0.00114043,0.000613491
0,0.0666148,-0.0010656,0.000718952
0,0.0666148,-0.000979438,0.000815371
0,0.0666148,-0.000883019,0.000901537
0,0.0666148,-0.000777558,0.000976365
0,0.0666148,-0.000664382,0.00103892
0,0.0666148,-0.000544915,0.0010884
0,0.0666148,-0.000420658,0.0011242
0,0.0666148,-0.000293174,0.00114586
0,0.0666148,-0.000164067,-0.00115311
0,0.0666148,-0.000293174,-0.00114586
0,0.0666148,-0.000420658,-0.0011242
0,0.0666148,-0.000544915,-0.0010884
0,0.0666148,-0.000664382,-0.00103892
0,0.0666148,-0.000777558,-0.000976365
0,0.0666148,-0.000883019,-0.000901537
0,0.0666148,-0.000979438,-0.000815371
0,0.0666148,-0.0010656,-0.000718952
0,0.0666148,-0.00114043,-0.000613491
0,0.0666148,-0.00120298,-0.000500315
0,0.0666148,-0.00125247,-0.000380848
0,0.0666148,-0.00128826,-0.000256591
0,0.0666148,-0.00130993,-0.000129107
0,0.0666148,0.000981791,-0.000129107
0,0.0666148,0.00096013,-0.000256591
0,0.0666148,0.000924333,-0.000380848
0,0.0666148,0.000874848,-0.000500315
0,0.0666148,0.000812298,-0.000613491
0,0.0666148,0.00073747,-0.000718952
0,0.0666148,0.000651304,-0.000815371
0,0.0666148,0.000554884,-0.000901537
0,0.0666148,0.000449424,-0.000976365
0,0.0666148,0.000336248,-0.00103892
0,0.0666148,0.000216781,-0.0010884
0,0.0666148,9.25238e-05,-0.0011242
0,0.0666148,-3.49598e-05,-0.00114586
0,0.0668667,-0.00019125,0.0010625
0,0.0668667,-7.22877e-05,0.00105582
0,0.0668667,4.51785e-05,0.00103586
0,0.0668667,0.000159672,0.00100288
0,0.0668667,0.000269752,0.000957279
0,0.0668667,0.000374034,0.000899645
0,0.0668667,0.000471208,0.000830696
0,0.0668667,0.000560051,0.000751301
0,0.0668667,0.000639446,0.000662458
0,0.0668667,0.000708395,0.000565284
0,0.0668667,0.000766029,0.000461002
0,0.0668667,0.000811626,0.000350922
0,0.0668667,0.000844611,0.000236429
0,0.0668667,0.000864569,0.000118962
0,0.0668667,0.00087125,-1.93456e-19
0,0.0668667,-0.00125375,2.78388e-19
0,0.0668667,-0.00124707,0.000118962
0,0.0668667,-0.00122711,0.000236429
0,0.0668667,-0.00119413,0.000350922
0,0.0668667,-0.00114853,0.000461002
0,0.0668667,-0.00109089,0.000565284
0,0.0668667,-0.00102195,0.000662458
0,0.0668667,-0.000942551,0.000751301
0,0.0668667,-0.000853708,0.000830696
0,0.0668667,-0.000756534,0.000899645
0,0.0668667,-0.000652251,0.000957279
0,0.0668667,-0.000542172,0.00100288
0,0.0668667,-0.000427679,0.00103586
0,0.0668667,-0.000310212,0.00105582
0,0.0668667,-0.00019125,-0.0010625
0,0.0668667,-0.000310212,-0.00105582
0,0.0668667,-0.000427679,-0.00103586
0,0.0668667,-0.000542172,-0.00100288
0,0.0668667,-0.000652251,-0.000957279
0,0.0668667,-0.000756534,-0.000899645
0,0.0668667,-0.000853708,-0.000830696
0,0.0668667,-0.000942551,-0.000751301
0,0.0668667,-0.00102195,-0.000662458
0,0.0668667,-0.00109089,-0.000565284
0,0.0668667,-0.00114853,-0.000461002
0,0.0668667,-0.00119413,-0.000350922
0,0.0668667,-0.00122711,-0.000236429
0,0.0668667,-0.00124707,-0.000118962
0,0.0668667,0.000864569,-0.000118962
0,0.0668667,0.000844611,-0.000236429
0,0.0668667,0.000811626,-0.000350922
0,0.0668667,0.000766029,-0.000461002
0,0.0668667,0.000708395,-0.000565284
0,0.0668667,0.000639446,-0.000662458
0,0.0668667,0.000560051,-0.000751301
0,0.0668667,0.000471208,-0.000830696
0,0.0668667,0.000374034,-0.000899645
0,0.0668667,0.000269752,-0.000957279
0,0.0668667,0.000159672,-0.00100288
0,0.0668667,4.51785e-05,-0.00103586
0,0.0668667,-7.22877e-05,-0.00105582
0,0.0671185,-0.000214996,0.000983347
0,0.0671185,-0.000104896,0.000977164
0,0.0671185,3.81948e-06,0.000958693
0,0.0671185,0.000109783,0.000928165
0,0.0671185,0.000211663,0.000885966
0,0.0671185,0.000308177,0.000832624
0,0.0671185,0.000398111,0.000768812
0,0.0671185,0.000480336,0.000695332
0,0.0671185,0.000553816,0.000613107
0,0.0671185,0.000617628,0.000523173
0,0.0671185,0.00067097,0.000426659
0,0.0671185,0.000713169,0.000324779
0,0.0671185,0.000743697,0.000218815
0,0.0671185,0.000762168,0.0001101
0,0.0671185,0.000768351,-1.70608e-19
0,0.0671185,-0.00119834,2.66086e-19
0,0.0671185,-0.00119216,0.0001101
0,0.0671185,-0.00117369,0.000218815
0,0.0671185,-0.00114316,0.000324779
0,0.0671185,-0.00110096,0.000426658
0,0.0671185,-0.00104762,0.000523172
0,0.0671185,-0.000983808,0.000613107
0,0.0671185,-0.000910327,0.000695331
0,0.0671185,-0.000828103,0.000768812
0,0.0671185,-0.000738168,0.000832624
0,0.0671185,-0.000641654,0.000885965
0,0.0671185,-0.000539775,0.000928165
0,0.0671185,-0.000433811,0.000958693
0,0.0671185,-0.000325096,0.000977164
0,0.0671185,-0.000214996,-0.000983347
0,0.0671185,-0.000325096,-0.000977164
0,0.0671185,-0.000433811,-0.000958693
0,0.0671185,-0.000539775,-0.000928165
0,0.0671185,-0.000641654,-0.000885965
0,0.0671185,-0.000738168,-0.000832624
0,0.0671185,-0.000828103,-0.000768812
0,0.0671185,-0.000910327,-0.000695331
0,0.0671185,-0.000983808,-0.000613107
0,0.0671185,-0.00104762,-0.000523172
0,0.0671185,-0.00110096,-0.000426658
0,0.0671185,-0.00114316,-0.000324779
0,0.0671185,-0.00117369,-0.000218815
0,0.0671185,-0.00119216,-0.0001101
0,0.0671185,0.000762168,-0.0001101
0,0.0671185,0.000743697,-0.000218815
0,0.0671185,0.000713169,-0.000324779
0,0.0671185,0.00067097,-0.000426659
0,0.0671185,0.000617628,-0.000523173
0,0.0671185,0.000553816,-0.000613107
0,0.0671185,0.000480336,-0.000695332
0,0.0671185,0.000398111,-0.000768812
0,0.0671185,0.000308177,-0.000832624
0,0.0671185,0.000211663,-0.000885966
0,0.0671185,0.000109783,-0.000928165
0,0.0671185,3.81948e-06,-0.000958693
0,0.0671185,-0.000104896,-0.000977164
0,0.0673704,-0.000234025,0.000919918
0,0.0673704,-0.000131027,0.000914134
0,0.0673704,-2.93241e-05,0.000896854
0,0.0673704,6.98045e-05,0.000868295
0,0.0673704,0.000165112,0.000828817
0,0.0673704,0.000255401,0.000778917
0,0.0673704,0.000339534,0.000719221
0,0.0673704,0.000416455,0.00065048
0,0.0673704,0.000485196,0.000573559
0,0.0673704,0.000544892,0.000489426
0,0.0673704,0.000594792,0.000399137
0,0.0673704,0.00063427,0.00030383
0,0.0673704,0.000662829,0.000204701
0,0.0673704,0.000680109,0.000102998
0,0.0673704,0.000685893,-1.52299e-19
0,0.0673704,-0.00115394,2.56227e-19
0,0.0673704,-0.00114816,0.000102998
0,0.0673704,-0.00113088,0.000204701
0,0.0673704,-0.00110232,0.00030383
0,0.0673704,-0.00106284,0.000399137
0,0.0673704,-0.00101294,0.000489426
0,0.0673704,-0.000953245,0.000573559
0,0.0673704,-0.000884505,0.00065048
0,0.0673704,-0.000807584,0.000719221
0,0.0673704,-0.000723451,0.000778917
0,0.0673704,-0.000633162,0.000828817
0,0.0673704,-0.000537855,0.000868295
0,0.0673704,-0.000438726,0.000896854
0,0.0673704,-0.000337023,0.000914134
0,0.0673704,-0.000234025,-0.000919918
0,0.0673704,-0.000337023,-0.000914134
0,0.0673704,-0.000438726,-0.000896854
0,0.0673704,-0.000537855,-0.000868295
0,0.0673704,-0.000633162,-0.000828817
0,0.0673704,-0.000723451,-0.000778917
0,0.0673704,-0.000807584,-0.000719221
0,0.0673704,-0.000884505,-0.00065048
0,0.0673704,-0.000953245,-0.000573559
0,0.0673704,-0.00101294,-0.000489426
0,0.0673704,-0.00106284,-0.000399137
0,0.0673704,-0.00110232,-0.00030383
0,0.0673704,-0.00113088,-0.000204701
0,0.0673704,-0.00114816,-0.000102998
0,0.0673704,0.000680109,-0.000102998
0,0.0673704,0.000662829,-0.000204701
0,0.0673704,0.00063427,-0.00030383
0,0.0673704,0.000594792,-0.000399137
0,0.0673704,0.000544892,-0.000489426
0,0.0673704,0.000485196,-0.000573559
0,0.0673704,0.000416455,-0.00065048
0,0.0673704,0.000339534,-0.000719221
0,0.0673704,0.000255401,-0.000778917
0,0.0673704,0.000165112,-0.000828817
0,0.0673704,6.98045e-05,-0.000868295
0,0.0673704,-2.93241e-05,-0.000896854
0,0.0673704,-0.000131027,-0.000914134
0,0.0676222,-0.000247311,0.000875631
0,0.0676222,-0.000149271,0.000870125
0,0.0676222,-5.24648e-05,0.000853677
0,0.0676222,4.18915e-05,0.000826493
0,0.0676222,0.000132611,0.000788916
0,0.0676222,0.000218553,0.000741418
0,0.0676222,0.000298636,0.000684596
0,0.0676222,0.000371854,0.000619164
0,0.0676222,0.000437285,0.000545947
0,0.0676222,0.000494107,0.000465864
0,0.0676222,0.000541605,0.000379922
0,0.0676222,0.000579182,0.000289203
0,0.0676222,0.000606366,0.000194846
0,0.0676222,0.000622814,9.80395e-05
0,0.0676222,0.00062832,-1.39515e-19
0,0.0676222,-0.00112294,2.49343e-19
0,0.0676222,-0.00111744,9.80395e-05
0,0.0676222,-0.00110099,0.000194846
0,0.0676222,-0.0010738,0.000289202
0,0.0676222,-0.00103623,0.000379922
0,0.0676222,-0.000988728,0.000465863
0,0.0676222,-0.000931906,0.000545947
0,0.0676222,-0.000866475,0.000619164
0,0.0676222,-0.000793257,0.000684595
0,0.0676222,-0.000713174,0.000741418
0,0.0676222,-0.000627233,0.000788916
0,0.0676222,-0.000536513,0.000826493
0,0.0676222,-0.000442157,0.000853677
0,0.0676222,-0.00034535,0.000870125
0,0.0676222,-0.000247311,-0.000875631
0,0.0676222,-0.00034535,-0.000870125
0,0.0676222,-0.000442157,-0.000853677
0,0.0676222,-0.000536513,-0.000826493
0,0.0676222,-0.000627233,-0.000788916
0,0.0676222,-0.000713174,-0.000741418
0,0.0676222,-0.000793257,-0.000684595
0,0.0676222,-0.000866475,-0.000619164
0,0.0676222,-0.000931906,-0.000545947
0,0.0676222,-0.000988728,-0.000465863
0,0.0676222,-0.00103623,-0.000379922
0,0.0676222,-0.0010738,-0.000289202
0,0.0676222,-0.00110099,-0.000194846
0,0.0676222,-0.00111744,-9.80395e-05
0,0.0676222,0.000622814,-9.80395e-05
0,0.0676222,0.000606366,-0.000194846
0,0.0676222,0.000579182,-0.000289203
0,0.0676222,0.000541605,-0.000379922
0,0.0676222,0.000494107,-0.000465864
0,0.0676222,0.000437285,-0.000545947
0,0.0676222,0.000371854,-0.000619164
0,0.0676222,0.000298636,-0.000684596
0,0.0676222,0.000218553,-0.000741418
0,0.0676222,0.000132611,-0.000788916
0,0.0676222,4.18915e-05,-0.000826493
0,0.0676222,-5.24648e-05,-0.000853677
0,0.0676222,-0.000149271,-0.000870125
0,0.0678741,-0.000254138,0.000852874
0,0.0678741,-0.000158646,0.000847511
0,0.0678741,-6.43557e-05,0.000831491
0,0.0678741,2.75484e-05,0.000805014
0,0.0678741,0.00011591,0.000768413
0,0.0678741,0.000199618,0.000722149
0,0.0678741,0.00027762,0.000666804
0,0.0678741,0.000348935,0.000603073
0,0.0678741,0.000412666,0.000531758
0,0.0678741,0.000468011,0.000453756
0,0.0678741,0.000514275,0.000370048
0,0.0678741,0.000550876,0.000281686
0,0.0678741,0.000577353,0.000189782
0,0.0678741,0.000593373,9.54916e-05
0,0.0678741,0.000598736,-1.32946e-19
0,0.0678741,-0.00110701,2.45806e-19
0,0.0678741,-0.00110165,9.54916e-05
0,0.0678741,-0.00108563,0.000189782
0,0.0678741,-0.00105915,0.000281686
0,0.0678741,-0.00102255,0.000370048
0,0.0678741,-0.000976287,0.000453756
0,0.0678741,-0.000920942,0.000531758
0,0.0678741,-0.000857211,0.000603073
0,0.0678741,-0.000785896,0.000666804
0,0.0678741,-0.000707894,0.000722149
0,0.0678741,-0.000624186,0.000768413
0,0.0678741,-0.000535824,0.000805014
0,0.0678741,-0.00044392,0.000831491
0,0.0678741,-0.00034963,0.000847511
0,0.0678741,-0.000254138,-0.000852874
0,0.0678741,-0.00034963,-0.000847511
0,0.0678741,-0.00044392,-0.000831491
0,0.0678741,-0.000535824,-0.000805014
0,0.0678741,-0.000624186,-0.000768413
0,0.0678741,-0.000707894,-0.000722149
0,0.0678741,-0.000785896,-0.000666804
0,0.0678741,-0.000857211,-0.000603073
0,0.0678741,-0.000920942,-0.000531758
0,0.0678741,-0.000976287,-0.000453756
0,0.0678741,-0.00102255,-0.000370048
0,0.0678741,-0.00105915,-0.000281686
0,0.0678741,-0.00108563,-0.000189782
0,0.0678741,-0.00110165,-9.54916e-05
0,0.0678741,0.000593373,-9.54916e-05
0,0.0678741,0.000577353,-0.000189782
0,0.0678741,0.000550876,-0.000281686
0,0.0678741,0.000514275,-0.000370048
0,0.0678741,0.000468011,-0.000453756
0,0.0678741,0.000412666,-0.000531758
0,0.0678741,0.000348935,-0.000603073
0,0.0678741,0.00027762,-0.000666804
0,0.0678741,0.000199618,-0.000722149
0,0.0678741,0.00011591,-0.000768413
0,0.0678741,2.75484e-05,-0.000805014
0,0.0678741,-6.43557e-05,-0.000831491
0,0.0678741,-0.000158646,-0.000847511
0,0.0681259,-0.000254138,0.000852874
0,0.0681259,-0.000158646,0.000847511
0,0.0681259,-6.43557e-05,0.000831491
0,0.0681259,2.75484e-05,0.000805014
0,0.0681259,0.00011591,0.000768413
0,0.0681259,0.000199618,0.000722149
0,0.0681259,0.00027762,0.000666804
0,0.0681259,0.000348935,0.000603073
0,0.0681259,0.000412666,0.000531758
0,0.0681259,0.000468011,0.000453756
0,0.0681259,0.000514275,0.000370048
0,0.0681259,0.000550876,0.000281686
0,0.0681259,0.000577353,0.000189782
0,0.0681259,0.000593373,9.54916e-05
0,0.0681259,0.000598736,-1.32946e-19
0,0.0681259,-0.00110701,2.45806e-19
0,0.0681259,-0.00110165,9.54916e-05
0,0.0681259,-0.00108563,0.000189782
0,0.0681259,-0.00105915,0.000281686
0,0.0681259,-0.00102255,0.000370048
0,0.0681259,-0.000976287,0.000453756
0,0.0681259,-0.000920942,0.000531758
0,0.0681259,-0.000857211,0.000603073
0,0.0681259,-0.000785896,0.000666804
0,0.0681259,-0.000707894,0.000722149
0,0.0681259,-0.000624186,0.000768413
0,0.0681259,-0.000535824,0.000805014
0,0.0681259,-0.00044392,0.000831491
0,0.0681259,-0.00034963,0.000847511
0,0.0681259,-0.000254138,-0.000852874
0,0.0681259,-0.00034963,-0.000847511
0,0.0681259,-0.00044392,-0.000831491
0,0.0681259,-0.000535824,-0.000805014
0,0.0681259,-0.000624186,-0.000768413
0,0.0681259,-0.000707894,-0.000722149
0,0.0681259,-0.000785896,-0.000666804
0,0.0681259,-0.000857211,-0.000603073
0,0.0681259,-0.000920942,-0.000531758
0,0.0681259,-0.000976287,-0.000453756
0,0.0681259,-0.00102255,-0.000370048
0,0.0681259,-0.00105915,-0.000281686
0,0.0681259,-0.00108563,-0.000189782
0,0.0681259,-0.00110165,-9.54916e-05
0,0.0681259,0.000593373,-9.54916e-05
0,0.0681259,0.000577353,-0.000189782
0,0.0681259,0.000550876,-0.000281686
0,0.0681259,0.000514275,-0.000370048
0,0.0681259,0.000468011,-0.000453756
0,0.0681259,0.000412666,-0.000531758
0,0.0681259,0.000348935,-0.000603073
0,0.0681259,0.00027762,-0.000666804
0,0.0681259,0.000199618,-0.000722149
0,0.0681259,0.00011591,-0.000768413
0,0.0681259,2.75484e-05,-0.000805014
0,0.0681259,-6.43557e-05,-0.000831491
0,0.0681259,-0.000158646,-0.000847511
0,0.0683778,-0.000247311,0.000875631
0,0.0683778,-0.000149271,0.000870125
0,0.0683778,-5.24648e-05,0.000853677
0,0.0683778,4.18915e-05,0.000826493
0,0.0683778,0.000132611,0.000788916
0,0.0683778,0.000218553,0.000741418
0,0.0683778,0.000298636,0.000684596
0,0.0683778,0.000371854,0.000619164
0,0.0683778,0.000437285,0.000545947
0,0.0683778,0.000494107,0.000465864
0,0.0683778,0.000541605,0.000379922
0,0.0683778,0.000579182,0.000289203
0,0.0683778,0.000606366,0.000194846
0,0.0683778,0.000622814,9.80395e-05
0,0.0683778,0.00062832,-1.39515e-19
0,0.0683778,-0.00112294,2.49343e-19
0,0.0683778,-0.00111744,9.80395e-05
0,0.0683778,-0.00110099,0.000194846
0,0.0683778,-0.0010738,0.000289202
0,0.0683778,-0.00103623,0.000379922
0,0.0683778,-0.000988728,0.000465863
0,0.0683778,-0.000931906,0.000545947
0,0.0683778,-0.000866475,0.000619164
0,0.0683778,-0.000793257,0.000684595
0,0.0683778,-0.000713174,0.000741418
0,0.0683778,-0.000627233,0.000788916
0,0.0683778,-0.000536513,0.000826493
0,0.0683778,-0.000442157,0.000853677
0,0.0683778,-0.00034535,0.000870125
0,0.0683778,-0.000247311,-0.000875631
0,0.0683778,-0.00034535,-0.000870125
0,0.0683778,-0.000442157,-0.000853677
0,0.0683778,-0.000536513,-0.000826493
0,0.0683778,-0.000627233,-0.000788916
0,0.0683778,-0.000713174,-0.000741418
0,0.0683778,-0.000793257,-0.000684595
0,0.0683778,-0.000866475,-0.000619164
0,0.0683778,-0.000931906,-0.000545947
0,0.0683778,-0.000988728,-0.000465863
0,0.0683778,-0.00103623,-0.000379922
0,0.0683778,-0.0010738,-0.000289202
0,0.0683778,-0.00110099,-0.000194846
0,0.0683778,-0.00111744,-9.80395e-05
0,0.0683778,0.000622814,-9.80395e-05
0,0.0683778,0.000606366,-0.000194846
0,0.0683778,0.000579182,-0.000289203
0,0.0683778,0.000541605,-0.000379922
0,0.0683778,0.000494107,-0.000465864
0,0.0683778,0.000437285,-0.000545947
0,0.0683778,0.000371854,-0.000619164
0,0.0683778,0.000298636,-0.000684596
0,0.0683778,0.000218553,-0.000741418
0,0.0683778,0.000132611,-0.000788916
0,0.0683778,4.18915e-05,-0.000826493
0,0.0683778,-5.24648e-05,-0.000853677
0,0.0683778,-0.000149271,-0.000870125
0,0.0686296,-0.000234025,0.000919918
0,0.0686296,-0.000131027,0.000914134
0,0.0686296,-2.93241e-05,0.000896854
0,0.0686296,6.98045e-05,0.000868295
0,0.0686296,0.000165112,0.000828817
0,0.0686296,0.000255401,0.000778917
0,0.0686296,0.000339534,0.000719221
0,0.0686296,0.000416455,0.00065048
0,0.0686296,0.000485196,0.000573559
0,0.0686296,0.000544892,0.000489426
0,0.0686296,0.000594792,0.000399137
0,0.0686296,0.00063427,0.00030383
0,0.0686296,0.000662829,0.000204701
0,0.0686296,0.000680109,0.000102998
0,0.0686296,0.000685893,-1.52299e-19
0,0.0686296,-0.00115394,2.56227e-19
0,0.0686296,-0.00114816,0.000102998
0,0.0686296,-0.00113088,0.000204701
0,0.0686296,-0.00110232,0.00030383
0,0.0686296,-0.00106284,0.000399137
0,0.0686296,-0.00101294,0.000489426
0,0.0686296,-0.000953245,0.000573559
0,0.0686296,-0.000884505,0.00065048
0,0.0686296,-0.000807584,0.000719221
0,0.0686296,-0.000723451,0.000778917
0,0.0686296,-0.000633162,0.000828817
0,0.0686296,-0.000537855,0.000868295
0,0.0686296,-0.000438726,0.000896854
0,0.0686296,-0.000337023,0.000914134
0,0.0686296,-0.000234025,-0.000919918
0,0.0686296,-0.000337023,-0.000914134
0,0.0686296,-0.000438726,-0.000896854
0,0.0686296,-0.000537855,-0.000868295
0,0.0686296,-0.000633162,-0.000828817
0,0.0686296,-0.000723451,-0.000778917
0,0.0686296,-0.000807584,-0.000719221
0,0.0686296,-0.000884505,-0.00065048
0,0.0686296,-0.000953245,-0.000573559
0,0.0686296,-0.00101294,-0.000489426
0,0.0686296,-0.00106284,-0.000399137
0,0.0686296,-0.00110232,-0.00030383
0,0.0686296,-0.00113088,-0.000204701
0,0.0686296,-0.00114816,-0.000102998
0,0.0686296,0.000680109,-0.000102998
0,0.0686296,0.000662829,-0.000204701
0,0.0686296,0.00063427,-0.00030383
0,0.0686296,0.000594792,-0.000399137
0,0.0686296,0.000544892,-0.000489426
0,0.0686296,0.000485196,-0.000573559
0,0.0686296,0.000416455,-0.00065048
0,0.0686296,0.000339534,-0.000719221
0,0.0686296,0.000255401,-0.000778917
0,0.0686296,0.000165112,-0.000828817
0,0.0686296,6.98045e-05,-0.000868295
0,0.0686296,-2.93241e-05,-0.000896854
0,0.0686296,-0.000131027,-0.000914134
0,0.0688815,-0.000214996,0.000983347
0,0.0688815,-0.000104896,0.000977164
0.0519442,0.0688815,3.81948e-06,0.000958693
0.189375,0.0688815,0.000109783,0.000928165
0.367047,0.0688815,0.000211663,0.000885966
0.461534,0.0688815,0.000308177,0.000832624
0.322706,0.0688815,0.000398111,0.000768812
0.220809,0.0688815,0.000480336,0.000695332
0.156248,0.0688815,0.000553816,0.000613107
0.115442,0.0688815,0.000617628,0.000523173
0.091045,0.0688815,0.00067097,0.000426659
0.076515,0.0688815,0.000713169,0.000324779
0.0686257,0.0688815,0.000743697,0.000218815
0.0646812,0.0688815,0.000762168,0.0001101
0.0634569,0.0688815,0.000768351,-1.70608e-19
0,0.0688815,-0.00119834,2.66086e-19
0,0.0688815,-0.00119216,0.0001101
0,0.0688815,-0.00117369,0.000218815
0,0.0688815,-0.00114316,0.000324779
0,0.0688815,-0.00110096,0.000426658
0,0.0688815,-0.00104762,0.000523172
0,0.0688815,-0.000983808,0.000613107
0,0.0688815,-0.000910327,0.000695331
0,0.0688815,-0.000828103,0.000768812
0,0.0688815,-0.000738168,0.000832624
0,0.0688815,-0.000641654,0.000885965
0,0.0688815,-0.000539775,0.000928165
0,0.0688815,-0.000433811,0.000958693
0,0.0688815,-0.000325096,0.000977164
0,0.0688815,-0.000214996,-0.000983347
0,0.0688815,-0.000325096,-0.000977164
0,0.0688815,-0.000433811,-0.000958693
0,0.0688815,-0.000539775,-0.000928165
0,0.0688815,-0.000641654,-0.000885965
0,0.0688815,-0.000738168,-0.000832624
0,0.0688815,-0.000828103,-0.000768812
0,0.0688815,-0.000910327,-0.000695331
0,0.0688815,-0.000983808,-0.000613107
0,0.0688815,-0.00104762,-0.000523172
0,0.0688815,-0.00110096,-0.000426658
0,0.0688815,-0.00114316,-0.000324779
0,0.0688815,-0.00117369,-0.000218815
0,0.0688815,-0.00119216,-0.0001101
0.0646814,0.0688815,0.000762168,-0.0001101
0.0686259,0.0688815,0.000743697,-0.000218815
0.076515,0.0688815,0.000713169,-0.000324779
0.091045,0.0688815,0.00067097,-0.000426659
0.115442,0.0688815,0.000617628,-0.000523173
0.156248,0.0688815,0.000553816,-0.000613107
0.220809,0.0688815,0.000480336,-0.000695332
0.322706,0.0688815,0.000398111,-0.000768812
0.461534,0.0688815,0.000308177,-0.000832624
0.367047,0.0688815,0.000211663,-0.000885966
0.189375,0.0688815,0.000109783,-0.000928165
0.0519442,0.0688815,3.81948e-06,-0.000958693
0,0.0688815,-0.000104896,-0.000977164
0.231462,0.0691333,-0.00019125,0.0010625
0.10961,0.0691333,-7.22877e-05,0.00105582
0.0603774,0.0691333,4.51785e-05,0.00103586
0.0421117,0.0691333,0.000159672,0.00100288
0.0305932,0.0691333,0.000269752,0.000957279
0.0233473,0.0691333,0.000374034,0.000899645
0.0189854,0.0691333,0.000471208,0.000830696
0.0157064,0.0691333,0.000560051,0.000751301
0.0131997,0.0691333,0.000639446,0.000662458
0.0112745,0.0691333,0.000708395,0.000565284
0.00986898,0.0691333,0.000766029,0.000461002
0.00900718,0.0691333,0.000811626,0.000350922
0.00848802,0.0691333,0.000844611,0.000236429
0.00823459,0.0691333,0.000864569,0.000118962
0.00815638,0.0691333,0.00087125,-1.93456e-19
0,0.0691333,-0.00125375,2.78388e-19
0,0.0691333,-0.00124707,0.000118962
0,0.0691333,-0.00122711,0.000236429
0,0.0691333,-0.00119413,0.000350922
0,0.0691333,-0.00114853,0.000461002
0,0.0691333,-0.00109089,0.000565284
0,0.0691333,-0.00102195,0.000662458
0,0.0691333,-0.000942551,0.000751301
0,0.0691333,-0.000853708,0.000830696
0,0.0691333,-0.000756534,0.000899645
0.000361326,0.0691333,-0.000652251,0.000957279
0.0974366,0.0691333,-0.000542172,0.00100288
0.30985,0.0691333,-0.000427679,0.00103586
0.446397,0.0691333,-0.000310212,0.00105582
0.231462,0.0691333,-0.00019125,-0.0010625
0.446397,0.0691333,-0.000310212,-0.00105582
0.30985,0.0691333,-0.000427679,-0.00103586
0.0974366,0.0691333,-0.000542172,-0.00100288
0.00036131,0.0691333,-0.000652251,-0.000957279
0,0.0691333,-0.000756534,-0.000899645
0,0.0691333,-0.000853708,-0.000830696
0,0.0691333,-0.000942551,-0.000751301
0,0.0691333,-0.00102195,-0.000662458
0,0.0691333,-0.00109089,-0.000565284
0,0.0691333,-0.00114853,-0.000461002
0,0.0691333,-0.00119413,-0.000350922
0,0.0691333,-0.00122711,-0.000236429
0,0.0691333,-0.00124707,-0.000118962
0.00823462,0.0691333,0.000864569,-0.000118962
0.0084881,0.0691333,0.000844611,-0.000236429
0.00900727,0.0691333,0.000811626,-0.000350922
0.00986904,0.0691333,0.000766029,-0.000461002
0.0112746,0.0691333,0.000708395,-0.000565284
0.0131998,0.0691333,0.000639446,-0.000662458
0.0157066,0.0691333,0.000560051,-0.000751301
0.0189856,0.0691333,0.000471208,-0.000830696
0.0233475,0.0691333,0.000374034,-0.000899645
0.0305935,0.0691333,0.000269752,-0.000957279
0.042112,0.0691333,0.000159672,-0.00100288
0.0603776,0.0691333,4.51785e-05,-0.00103586
0.10961,0.0691333,-7.22877e-05,-0.00105582
0.0275462,0.0693852,-0.000164067,0.00115311
0.019744,0.0693852,-3.49598e-05,0.00114586
0.0145159,0.0693852,9.25238e-05,0.0011242
0.0108824,0.0693852,0.000216781,0.0010884
0.00883059,0.0693852,0.000336248,0.00103892
0.00767552,0.0693852,0.000449424,0.000976365
0.00678216,0.0693852,0.000554884,0.000901537
0.00605835,0.0693852,0.000651304,0.000815371
0.00547088,0.0693852,0.00073747,0.000718952
0.00499716,0.0693852,0.000812298,0.000613491
0.00462209,0.0693852,0.000874848,0.000500315
0.0043378,0.0693852,0.000924333,0.000380848
0.00413865,0.0693852,0.00096013,0.000256591
0.00402559,0.0693852,0.000981791,0.000129107
0.00399167,0.0693852,0.000989041,-2.19611e-19
0,0.0693852,-0.00131718,2.92472e-19
0,0.0693852,-0.00130993,0.000129107
0,0.0693852,-0.00128826,0.000256591
0,0.0693852,-0.00125247,0.000380848
0,0.0693852,-0.00120298,0.000500315
0,0.0693852,-0.00114043,0.000613491
0,0.0693852,-0.0010656,0.000718952
0.0254898,0.0693852,-0.000979438,0.000815371
0.20251,0.0693852,-0.000883019,0.000901537
0.480888,0.0693852,-0.000777558,0.000976365
0.263869,0.0693852,-0.000664382,0.00103892
0.117109,0.0693852,-0.000544915,0.0010884
0.0613221,0.0693852,-0.000420658,0.0011242
0.0397758,0.0693852,-0.000293174,0.00114586
0.0275462,0.0693852,-0.000164067,-0.00115311
0.0397759,0.0693852,-0.000293174,-0.00114586
0.0613222,0.0693852,-0.000420658,-0.0011242
0.117109,0.0693852,-0.000544915,-0.0010884
0.263868,0.0693852,-0.000664382,-0.00103892
0.480888,0.0693852,-0.000777558,-0.000976365
0.20251,0.0693852,-0.000883019,-0.000901537
0.0254899,0.0693852,-0.000979438,-0.000815371
0,0.0693852,-0.0010656,-0.000718952
0,0.0693852,-0.00114043,-0.000613491
0,0.0693852,-0.00120298,-0.000500315
0,0.0693852,-0.00125247,-0.000380848
0,0.0693852,-0.00128826,-0.000256591
0,0.0693852,-0.00130993,-0.000129107
0.00402562,0.0693852,0.000981791,-0.000129107
0.00413868,0.0693852,0.00096013,-0.000256591
0.00433781,0.0693852,0.000924333,-0.000380848
0.00462209,0.0693852,0.000874848,-0.000500315
0.00499717,0.0693852,0.000812298,-0.000613491
0.00547089,0.0693852,0.00073747,-0.000718952
0.00605837,0.0693852,0.000651304,-0.000815371
0.00678219,0.0693852,0.000554884,-0.000901537
0.00767556,0.0693852,0.000449424,-0.000976365
0.00883063,0.0693852,0.000336248,-0.00103892
0.0108824,0.0693852,0.000216781,-0.0010884
0.014516,0.0693852,9.25238e-05,-0.0011242
0.0197441,0.0693852,-3.49598e-05,-0.00114586
0.0137482,0.069637,-0.000134913,0.00125029
0.010504,0.069637,5.07483e-06,0.00124243
0.00862518,0.069637,0.000143302,0.00121894
0.00736102,0.069637,0.000278031,0.00118013
0.00641472,0.069637,0.000407567,0.00112647
0.0056319,0.069637,0.00053028,0.00105865
0.00497901,0.069637,0.000644629,0.000977514
0.00443162,0.069637,0.000749174,0.000884087
0.0039743,0.069637,0.000842601,0.000779542
0.00360919,0.069637,0.000923736,0.000665193
0.00340318,0.069637,0.000991557,0.00054248
0.00324492,0.069637,0.00104521,0.000412944
0.00313096,0.069637,0.00108403,0.000278215
0.00306336,0.069637,0.00110751,0.000139988
0.00304249,0.069637,0.00111537,-2.47663e-19
0,0.069637,-0.0013852,3.07577e-19
0,0.069637,-0.00137734,0.000139988
0,0.069637,-0.00135385,0.000278215
0.000519528,0.069637,-0.00131504,0.000412944
0.00538791,0.069637,-0.00126138,0.00054248
0.0652484,0.069637,-0.00119356,0.000665194
0.29209,0.069637,-0.00111243,0.000779542
0.401953,0.069637,-0.001019,0.000884087
0.177036,0.069637,-0.000914455,0.000977515
0.0809607,0.069637,-0.000800107,0.00105865
0.0511435,0.069637,-0.000677393,0.00112647
0.0348134,0.069637,-0.000547857,0.00118013
0.0248413,0.069637,-0.000413128,0.00121894
0.0186268,0.069637,-0.000274901,0.00124243
0.0137482,0.069637,-0.000134913,-0.00125029
0.0186269,0.069637,-0.000274901,-0.00124243
0.0248414,0.069637,-0.000413128,-0.00121894
0.0348135,0.069637,-0.000547857,-0.00118013
0.0511435,0.069637,-0.000677393,-0.00112647
0.0809607,0.069637,-0.000800107,-0.00105865
0.177036,0.069637,-0.000914455,-0.000977515
0.401953,0.069637,-0.001019,-0.000884087
0.292091,0.069637,-0.00111243,-0.000779542
0.0652493,0.069637,-0.00119356,-0.000665194
0.00538861,0.069637,-0.00126138,-0.00054248
0.000519799,0.069637,-0.00131504,-0.000412944
0,0.069637,-0.00135385,-0.000278215
0,0.069637,-0.00137734,-0.000139988
0.00306337,0.069637,0.00110751,-0.000139988
0.00313097,0.069637,0.00108403,-0.000278215
0.00324492,0.069637,0.00104521,-0.000412944
0.00340318,0.069637,0.000991557,-0.00054248
0.0036092,0.069637,0.000923736,-0.000665193
0.00397431,0.069637,0.000842601,-0.000779542
0.00443163,0.069637,0.000749174,-0.000884087
0.00497902,0.069637,0.000644629,-0.000977514
0.00563192,0.069637,0.00053028,-0.00105865
0.00641474,0.069637,0.000407567,-0.00112647
0.00736105,0.069637,0.000278031,-0.00118013
0.0086252,0.069637,0.000143302,-0.00121894
0.010504,0.069637,5.07483e-06,-0.00124243
0.011751,0.0698889,-0.00010536,0.0013488
0.00974681,0.0698889,4.56577e-05,0.00134032
0.0082638,0.0698889,0.000194776,0.00131498
0.0072543,0.0698889,0.000340121,0.00127311
0.00642469,0.0698889,0.000479863,0.00121523
0.0057209,0.0698889,0.000612245,0.00114206
0.00512024,0.0698889,0.000735604,0.00105453
0.00460559,0.0698889,0.000848386,0.000953746
0.00425407,0.0698889,0.000949175,0.000840963
0.00398015,0.0698889,0.0010367,0.000717605
0.00375424,0.0698889,0.00110987,0.000585223
0.00357615,0.0698889,0.00116775,0.000445481
0.00344364,0.0698889,0.00120962,0.000300136
0.00335948,0.0698889,0.00123496,0.000151018
0.00333087,0.0698889,0.00124344,-2.76099e-19
0.0152798,0.0698889,-0.00145416,3.22888e-19
0.017166,0.0698889,-0.00144568,0.000151018
0.0240231,0.0698889,-0.00142034,0.000300136
0.041683,0.0698889,-0.00137847,0.000445481
0.13372,0.0698889,-0.00132059,0.000585223
0.415611,0.0698889,-0.00124742,0.000717605
0.28008,0.0698889,-0.00115989,0.000840963
0.121104,0.0698889,-0.00105911,0.000953746
0.0707064,0.0698889,-0.000946323,0.00105453
0.0477592,0.0698889,-0.000822965,0.00114206
0.0338259,0.0698889,-0.000690583,0.00121523
0.0252471,0.0698889,-0.000550841,0.00127311
0.0194363,0.0698889,-0.000405496,0.00131498
0.0148693,0.0698889,-0.000256378,0.00134032
0.011751,0.0698889,-0.00010536,-0.0013488
0.0148693,0.0698889,-0.000256378,-0.00134032
0.0194363,0.0698889,-0.000405496,-0.00131498
0.0252472,0.0698889,-0.000550841,-0.00127311
0.033826,0.0698889,-0.000690583,-0.00121523
0.0477592,0.0698889,-0.000822965,-0.00114206
0.0707064,0.0698889,-0.000946323,-0.00105453
0.121104,0.0698889,-0.00105911,-0.000953746
0.28008,0.0698889,-0.00115989,-0.000840963
0.415611,0.0698889,-0.00124742,-0.000717605
0.133721,0.0698889,-0.00132059,-0.000585223
0.0416844,0.0698889,-0.00137847,-0.000445481
0.0240238,0.0698889,-0.00142034,-0.000300136
0.0171663,0.0698889,-0.00144568,-0.000151018
0.00335948,0.0698889,0.00123496,-0.000151018
0.00344364,0.0698889,0.00120962,-0.000300136
0.00357615,0.0698889,0.00116775,-0.000445481
0.00375424,0.0698889,0.00110987,-0.000585223
0.00398015,0.0698889,0.0010367,-0.000717605
0.00425407,0.0698889,0.000949175,-0.000840963
0.00460559,0.0698889,0.000848386,-0.000953746
0.00512025,0.0698889,0.000735604,-0.00105453
0.00572091,0.0698889,0.000612245,-0.00114206
0.0064247,0.0698889,0.000479863,-0.00121523
0.00725431,0.0698889,0.000340121,-0.00127311
0.00826381,0.0698889,0.000194776,-0.00131498
0.00974682,0.0698889,4.56577e-05,-0.00134032
0.0133259,0.0701407,-7.7e-05,0.00144333
0.0113499,0.0701407,8.46021e-05,0.00143426
0.00985438,0.0701407,0.000244172,0.00140715
0.00883196,0.0701407,0.000399703,0.00136234
0.00797501,0.0701407,0.000549239,0.0013004
0.00722925,0.0701407,0.0006909,0.00122211
0.00657793,0.0701407,0.000822904,0.00112844
0.00600826,0.0701407,0.000943591,0.00102059
0.00551534,0.0701407,0.00105144,0.000899904
0.00509638,0.0701407,0.00114511,0.0007679
0.0047487,0.0701407,0.0012234,0.000626239
0.0044722,0.0701407,0.00128534,0.000476703
0.00426251,0.0701407,0.00133015,0.000321172
0.00412534,0.0701407,0.00135726,0.000161602
0.0040777,0.0701407,0.00136633,-3.03387e-19
0.0496482,0.0701407,-0.00152033,3.37582e-19
0.0544742,0.0701407,-0.00151126,0.000161602
0.0721678,0.0701407,-0.00148415,0.000321172
0.114908,0.0701407,-0.00143934,0.000476703
0.273264,0.0701407,-0.0013774,0.000626239
0.380377,0.0701407,-0.00129911,0.0007679
0.162776,0.0701407,-0.00120544,0.000899904
0.0924711,0.0701407,-0.00109759,0.00102059
0.0620688,0.0701407,-0.000976904,0.00112844
0.0443021,0.0701407,-0.0008449,0.00122211
0.0328084,0.0701407,-0.000703239,0.0013004
0.0257284,0.0701407,-0.000553703,0.00136234
0.0204648,0.0701407,-0.000398172,0.00140715
0.0163223,0.0701407,-0.000238602,0.00143426
0.0133259,0.0701407,-7.7e-05,-0.00144333
0.0163223,0.0701407,-0.000238602,-0.00143426
0.0204648,0.0701407,-0.000398172,-0.00140715
0.0257284,0.0701407,-0.000553703,-0.00136234
0.0328085,0.0701407,-0.000703239,-0.0013004
0.0443021,0.0701407,-0.0008449,-0.00122211
0.0620688,0.0701407,-0.000976904,-0.00112844
0.0924712,0.0701407,-0.00109759,-0.00102059
0.162776,0.0701407,-0.00120544,-0.000899904
0.380377,0.0701407,-0.00129911,-0.0007679
0.273265,0.0701407,-0.0013774,-0.000626239
0.11491,0.0701407,-0.00143934,-0.000476703
0.0721688,0.0701407,-0.00148415,-0.000321172
0.0544746,0.0701407,-0.00151126,-0.000161602
0.00412535,0.0701407,0.00135726,-0.000161602
0.00426251,0.0701407,0.00133015,-0.000321172
0.0044722,0.0701407,0.00128534,-0.000476703
0.0047487,0.0701407,0.0012234,-0.000626239
0.00509638,0.0701407,0.00114511,-0.0007679
0.00551535,0.0701407,0.00105144,-0.000899904
0.00600826,0.0701407,0.000943591,-0.00102059
0.00657793,0.0701407,0.000822904,-0.00112844
0.00722925,0.0701407,0.0006909,-0.00122211
0.00797502,0.0701407,0.000549239,-0.0013004
0.00883197,0.0701407,0.000399703,-0.00136234
0.00985438,0.0701407,0.000244172,-0.00140715
0.0113499,0.0701407,8.46021e-05,-0.00143426
0.017221,0.0703926,-5.1362e-05,0.00152879
0.0146375,0.0703926,0.000119808,0.00151918
0.0128347,0.0703926,0.000288826,0.00149046
0.0116566,0.0703926,0.000453566,0.001443
0.0106506,0.0703926,0.000611956,0.00137739
0.00975587,0.0703926,0.000762004,0.00129447
0.00896138,0.0703926,0.000901824,0.00119526
0.00825723,0.0703926,0.00102966,0.00108102
0.00764158,0.0703926,0.0011439,0.000953186
0.00711408,0.0703926,0.0012431,0.000813366
0.00667449,0.0703926,0.00132603,0.000663318
0.00632337,0.0703926,0.00139164,0.000504928
0.00605713,0.0703926,0.0014391,0.000340188
0.00587986,0.0703926,0.00146782,0.00017117
0.00581559,0.0703926,0.00147743,-3.28055e-19
0.0715938,0.0703926,-0.00158015,3.50865e-19
0.0777054,0.0703926,-0.00157054,0.00017117
0.0997645,0.0703926,-0.00154182,0.000340188
0.148749,0.0703926,-0.00149436,0.000504928
0.276967,0.0703926,-0.00142876,0.000663318
0.375357,0.0703926,-0.00134583,0.000813367
0.168802,0.0703926,-0.00124662,0.000953186
0.0999493,0.0703926,-0.00113238,0.00108102
0.0690035,0.0703926,-0.00100455,0.00119526
0.0505312,0.0703926,-0.000864729,0.00129447
0.0384688,0.0703926,-0.00071468,0.00137739
0.0310299,0.0703926,-0.00055629,0.001443
0.0254618,0.0703926,-0.00039155,0.00149046
0.0209991,0.0703926,-0.000222532,0.00151918
0.0172211,0.0703926,-5.1362e-05,-0.00152879
0.0209991,0.0703926,-0.000222532,-0.00151918
0.0254619,0.0703926,-0.00039155,-0.00149046
0.03103,0.0703926,-0.00055629,-0.001443
0.0384688,0.0703926,-0.00071468,-0.00137739
0.0505312,0.0703926,-0.000864729,-0.00129447
0.0690034,0.0703926,-0.00100455,-0.00119526
0.0999493,0.0703926,-0.00113238,-0.00108102
0.168802,0.0703926,-0.00124662,-0.000953186
0.375357,0.0703926,-0.00134583,-0.000813367
0.276969,0.0703926,-0.00142876,-0.000663318
0.148751,0.0703926,-0.00149436,-0.000504928
0.0997655,0.0703926,-0.00154182,-0.000340188
0.0777057,0.0703926,-0.00157054,-0.00017117
0.00587986,0.0703926,0.00146782,-0.00017117
0.00605714,0.0703926,0.0014391,-0.000340188
0.00632337,0.0703926,0.00139164,-0.000504928
0.00667449,0.0703926,0.00132603,-0.000663318
0.00711408,0.0703926,0.0012431,-0.000813366
0.00764159,0.0703926,0.0011439,-0.000953186
0.00825724,0.0703926,0.00102966,-0.00108102
0.00896139,0.0703926,0.000901824,-0.00119526
0.00975587,0.0703926,0.000762004,-0.00129447
0.0106506,0.0703926,0.000611956,-0.00137739
0.0116566,0.0703926,0.000453566,-0.001443
0.0128347,0.0703926,0.000288826,-0.00149046
0.0146376,0.0703926,0.000119808,-0.00151918
0.0238358,0.0706444,-2.9829e-05,0.00160057
0.0201095,0.0706444,0.000149378,0.0015905
0.0170937,0.0706444,0.000326331,0.00156044
0.0152664,0.0706444,0.000498805,0.00151075
0.013989,0.0706444,0.000664632,0.00144206
0.0128471,0.0706444,0.000821725,0.00135524
0.0118303,0.0706444,0.000968109,0.00125138
0.0109282,0.0706444,0.00110194,0.00113177
0.0101395,0.0706444,0.00122155,0.000997938
0.00946434,0.0706444,0.00132541,0.000851554
0.00890322,0.0706444,0.00141223,0.000694461
0.00845598,0.0706444,0.00148092,0.000528634
0.00811913,0.0706444,0.00153061,0.00035616
0.00789235,0.0706444,0.00156068,0.000179207
0.00780726,0.0706444,0.00157074,-3.48774e-19
0.0743947,0.0706444,-0.0016304,3.62021e-19
0.0800546,0.0706444,-0.00162033,0.000179207
0.0989816,0.0706444,-0.00159027,0.00035616
0.138629,0.0706444,-0.00154058,0.000528634
0.224477,0.0706444,-0.00147189,0.000694461
0.457816,0.0706444,-0.00138507,0.000851554
0.231453,0.0706444,-0.0012812,0.000997938
0.129087,0.0706444,-0.0011616,0.00113177
0.087733,0.0706444,-0.00102777,0.00125138
0.0645175,0.0706444,-0.000881383,0.00135524
0.049573,0.0706444,-0.00072429,0.00144206
0.0402682,0.0706444,-0.000558463,0.00151075
0.0336222,0.0706444,-0.000385989,0.00156044
0.0283857,0.0706444,-0.000209036,0.0015905
0.0238358,0.0706444,-2.9829e-05,-0.00160057
0.0283857,0.0706444,-0.000209036,-0.0015905
0.0336222,0.0706444,-0.000385989,-0.00156044
0.0402682,0.0706444,-0.000558463,-0.00151075
0.049573,0.0706444,-0.00072429,-0.00144206
0.0645175,0.0706444,-0.000881383,-0.00135524
0.087733,0.0706444,-0.00102777,-0.00125138
0.129087,0.0706444,-0.0011616,-0.00113177
0.231453,0.0706444,-0.0012812,-0.000997938
0.457817,0.0706444,-0.00138507,-0.000851554
0.224479,0.0706444,-0.00147189,-0.000694461
0.13863,0.0706444,-0.00154058,-0.000528634
0.0989823,0.0706444,-0.00159027,-0.00035616
0.0800549,0.0706444,-0.00162033,-0.000179207
0.00789235,0.0706444,0.00156068,-0.000179207
0.00811913,0.0706444,0.00153061,-0.00035616
0.00845598,0.0706444,0.00148092,-0.000528634
0.00890323,0.0706444,0.00141223,-0.000694461
0.00946434,0.0706444,0.00132541,-0.000851554
0.0101395,0.0706444,0.00122155,-0.000997938
0.0109282,0.0706444,0.00110194,-0.00113177
0.0118303,0.0706444,0.000968109,-0.00125138
0.0128471,0.0706444,0.000821725,-0.00135524
0.013989,0.0706444,0.000664632,-0.00144206
0.0152664,0.0706444,0.000498805,-0.00151075
0.0170937,0.0706444,0.000326331,-0.00156044
0.0201095,0.0706444,0.000149378,-0.0015905
0.0317838,0.0708963,-1.3562e-05,0.00165479
0.0270505,0.0708963,0.000171716,0.00164439
0.0232534,0.0708963,0.000354664,0.0016133
0.0203355,0.0708963,0.000532982,0.00156193
0.0182122,0.0708963,0.000704426,0.00149092
0.0164984,0.0708963,0.000866841,0.00140115
0.0149914,0.0708963,0.00101819,0.00129377
0.0136666,0.0708963,0.00115655,0.00117012
0.0126367,0.0708963,0.00128021,0.00103175
0.0118098,0.0708963,0.00138759,0.000880403
0.0111277,0.0708963,0.00147736,0.000717988
0.0105873,0.0708963,0.00154837,0.000546544
0.0101839,0.0708963,0.00159974,0.000368226
0.00991093,0.0708963,0.00163083,0.000185278
0.00980616,0.0708963,0.00164123,-3.64427e-19
0.0657929,0.0708963,-0.00166836,3.70449e-19
0.0701635,0.0708963,-0.00165795,0.000185278
0.0840775,0.0708963,-0.00162687,0.000368226
0.111974,0.0708963,-0.00157549,0.000546544
0.165778,0.0708963,-0.00150448,0.000717988
0.279993,0.0708963,-0.00141472,0.000880403
0.42807,0.0708963,-0.00130733,0.00103175
0.197739,0.0708963,-0.00118368,0.00117012
0.122119,0.0708963,-0.00104531,0.00129377
0.0873361,0.0708963,-0.000893965,0.00140115
0.0664959,0.0708963,-0.00073155,0.00149092
0.0530626,0.0708963,-0.000560106,0.00156193
0.0442813,0.0708963,-0.000381788,0.0016133
0.0375574,0.0708963,-0.00019884,0.00164439
0.0317838,0.0708963,-1.3562e-05,-0.00165479
0.0375574,0.0708963,-0.00019884,-0.00164439
0.0442813,0.0708963,-0.000381788,-0.0016133
0.0530626,0.0708963,-0.000560106,-0.00156193
0.0664959,0.0708963,-0.00073155,-0.00149092
0.0873361,0.0708963,-0.000893965,-0.00140115
0.122119,0.0708963,-0.00104531,-0.00129377
0.197739,0.0708963,-0.00118368,-0.00117012
0.428069,0.0708963,-0.00130733,-0.00103175
0.279995,0.0708963,-0.00141472,-0.000880403
0.165779,0.0708963,-0.00150448,-0.000717988
0.111974,0.0708963,-0.00157549,-0.000546544
0.0840781,0.0708963,-0.00162687,-0.000368226
0.0701638,0.0708963,-0.00165795,-0.000185278
0.00991093,0.0708963,0.00163083,-0.000185278
0.0101839,0.0708963,0.00159974,-0.000368226
0.0105873,0.0708963,0.00154837,-0.000546544
0.0111277,0.0708963,0.00147736,-0.000717988
0.0118098,0.0708963,0.00138759,-0.000880403
0.0126367,0.0708963,0.00128021,-0.00103175
0.0136666,0.0708963,0.00115655,-0.00117012
0.0149914,0.0708963,0.00101819,-0.00129377
0.0164984,0.0708963,0.000866841,-0.00140115
0.0182123,0.0708963,0.000704426,-0.00149092
0.0203355,0.0708963,0.000532982,-0.00156193
0.0232534,0.0708963,0.000354664,-0.0016133
0.0270505,0.0708963,0.000171716,-0.00164439
0.0404557,0.0711481,-3.437e-06,0.00168854
0.0342291,0.0711481,0.00018562,0.00167793
0.0293052,0.0711481,0.000372299,0.00164621
0.0255904,0.0711481,0.000554254,0.00159379
0.0225938,0.0711481,0.000729195,0.00152133
0.0202898,0.0711481,0.000894923,0.00142973
0.0184083,0.0711481,0.00104935,0.00132016
0.0167813,0.0711481,0.00119054,0.00119398
0.0153885,0.0711481,0.00131672,0.00105279
0.0142169,0.0711481,0.00142629,0.00089836
0.0132572,0.0711481,0.00151789,0.000732632
0.0124998,0.0711481,0.00159035,0.000557691
0.0119351,0.0711481,0.00164277,0.000375736
0.01158,0.0711481,0.00167449,0.000189057
0.0114604,0.0711481,0.00168511,-3.74169e-19
0.0486063,0.0711481,-0.00169198,3.75695e-19
0.0515762,0.0711481,-0.00168136,0.000189057
0.0602082,0.0711481,-0.00164965,0.000375736
0.0772214,0.0711481,-0.00159723,0.000557691
0.108404,0.0711481,-0.00152476,0.000732632
0.166353,0.0711481,-0.00143317,0.00089836
0.285746,0.0711481,-0.00132359,0.00105279
0.432281,0.0711481,-0.00119742,0.00119398
0.204937,0.0711481,-0.00105623,0.00132016
0.128556,0.0711481,-0.000901797,0.00142973
0.0927102,0.0711481,-0.000736069,0.00152133
0.071333,0.0711481,-0.000561128,0.00159379
0.0576751,0.0711481,-0.000379173,0.00164621
0.0482004,0.0711481,-0.000192494,0.00167793
0.0404558,0.0711481,-3.437e-06,-0.00168854
0.0482005,0.0711481,-0.000192494,-0.00167793
0.0576751,0.0711481,-0.000379173,-0.00164621
0.071333,0.0711481,-0.000561128,-0.00159379
0.0927102,0.0711481,-0.000736069,-0.00152133
0.128556,0.0711481,-0.000901797,-0.00142973
0.204937,0.0711481,-0.00105623,-0.00132016
0.432281,0.0711481,-0.00119742,-0.00119398
0.285747,0.0711481,-0.00132359,-0.00105279
0.166354,0.0711481,-0.00143317,-0.00089836
0.108405,0.0711481,-0.00152476,-0.000732632
0.0772219,0.0711481,-0.00159723,-0.000557691
0.0602085,0.0711481,-0.00164965,-0.000375736
0.0515764,0.0711481,-0.00168136,-0.000189057
0.01158,0.0711481,0.00167449,-0.000189057
0.0119351,0.0711481,0.00164277,-0.000375736
0.0124998,0.0711481,0.00159035,-0.000557691
0.0132572,0.0711481,0.00151789,-0.000732632
0.0142169,0.0711481,0.00142629,-0.00089836
0.0153886,0.0711481,0.00131672,-0.00105279
0.0167813,0.0711481,0.00119054,-0.00119398
0.0184083,0.0711481,0.00104935,-0.00132016
0.0202898,0.0711481,0.000894923,-0.00142973
0.0225938,0.0711481,0.000729195,-0.00152133
0.0255904,0.0711481,0.000554254,-0.00159379
0.0293052,0.0711481,0.000372299,-0.00164621
0.0342291,0.0711481,0.00018562,-0.00167793
0.0526015,0.0714,-1.54765e-17,0.0017
0.0430427,0.0714,0.00019034,0.00168931
0.0357802,0.0714,0.000378286,0.00165738
0.0305639,0.0714,0.000561475,0.0016046
0.0263573,0.0714,0.000737603,0.00153165
0.0230707,0.0714,0.000904455,0.00143943
0.0206601,0.0714,0.00105993,0.00132911
0.0186304,0.0714,0.00120208,0.00120208
0.0169323,0.0714,0.00132911,0.00105993
0.0155311,0.0714,0.00143943,0.000904455
0.0144021,0.0714,0.00153165,0.000737603
0.0135241,0.0714,0.0016046,0.000561475
0.0128795,0.0714,0.00165738,0.000378286
0.0124499,0.0714,0.00168931,0.00019034
0.012286,0.0714,0.0017,-3.77476e-19
0.025447,0.0714,-0.0017,3.77476e-19
0.0269894,0.0714,-0.00168931,0.00019034
0.0314264,0.0714,-0.00165738,0.000378286
0.0390988,0.0714,-0.0016046,0.000561475
0.0523963,0.0714,-0.00153165,0.000737603
0.0773951,0.0714,-0.00143943,0.000904455
0.122095,0.0714,-0.00132911,0.00105993
0.207086,0.0714,-0.00120208,0.00120208
0.3928,0.0714,-0.00105993,0.00132911
0.291414,0.0714,-0.000904455,0.00143943
0.166257,0.0714,-0.000737603,0.00153165
0.112347,0.0714,-0.000561475,0.0016046
0.0828945,0.0714,-0.000378286,0.00165738
0.0652186,0.0714,-0.00019034,0.00168931
0.0526016,0.0714,-1.62315e-17,-0.0017
0.0652186,0.0714,-0.00019034,-0.00168931
0.0828946,0.0714,-0.000378286,-0.00165738
0.112347,0.0714,-0.000561475,-0.0016046
0.166257,0.0714,-0.000737603,-0.00153165
0.291413,0.0714,-0.000904455,-0.00143943
0.392801,0.0714,-0.00105993,-0.00132911
0.207087,0.0714,-0.00120208,-0.00120208
0.122096,0.0714,-0.00132911,-0.00105993
0.0773957,0.0714,-0.00143943,-0.000904455
0.0523966,0.0714,-0.00153165,-0.000737603
0.039099,0.0714,-0.0016046,-0.000561475
0.0314266,0.0714,-0.00165738,-0.000378286
0.0269895,0.0714,-0.00168931,-0.00019034
0.0124499,0.0714,0.00168931,-0.00019034
0.0128795,0.0714,0.00165738,-0.000378286
0.0135241,0.0714,0.0016046,-0.000561475
0.0144021,0.0714,0.00153165,-0.000737603
0.0155311,0.0714,0.00143943,-0.000904455
0.0169323,0.0714,0.00132911,-0.00105993
0.0186304,0.0714,0.00120208,-0.00120208
0.0206601,0.0714,0.00105993,-0.00132911
0.0230708,0.0714,0.000904455,-0.00143943
0.0263573,0.0714,0.000737603,-0.00153165
0.0305639,0.0714,0.000561475,-0.0016046
0.0357802,0.0714,0.000378286,-0.00165738
0.0430427,0.0714,0.00019034,-0.00168931
0.0776974,0.0717414,-1.55523e-17,0.0017
0.0600337,0.0717414,0.00019034,0.00168931
0.0479055,0.0717414,0.000378286,0.00165738
0.0392733,0.0717414,0.000561475,0.0016046
0.0331324,0.0717414,0.000737603,0.00153165
0.0282915,0.0717414,0.000904455,0.00143943
0.0248137,0.0717414,0.00105993,0.00132911
0.022019,0.0717414,0.00120208,0.00120208
0.0197402,0.0717414,0.00132911,0.00105993
0.0178979,0.0717414,0.00143943,0.000904455
0.0164367,0.0717414,0.00153165,0.000737603
0.0153152,0.0717414,0.0016046,0.000561475
0.0145016,0.0717414,0.00165738,0.000378286
0.0139735,0.0717414,0.00168931,0.00019034
0.0137788,0.0717414,0.0017,-3.77476e-19
0.00868779,0.0717414,-0.0017,3.77476e-19
0.00932482,0.0717414,-0.00168931,0.00019034
0.0111769,0.0717414,-0.00165738,0.000378286
0.0148794,0.0717414,-0.0016046,0.000561475
0.0207782,0.0717414,-0.00153165,0.000737603
0.0301548,0.0717414,-0.00143943,0.000904455
0.0461292,0.0717414,-0.00132911,0.00105993
0.0760523,0.0717414,-0.00120208,0.00120208
0.129396,0.0717414,-0.00105993,0.00132911
0.235943,0.0717414,-0.000904455,0.00143943
0.469152,0.0717414,-0.000737603,0.00153165
0.246913,0.0717414,-0.000561475,0.0016046
0.149341,0.0717414,-0.000378286,0.00165738
0.104158,0.0717414,-0.00019034,0.00168931
0.0776974,0.0717414,-1.63073e-17,-0.0017
0.104158,0.0717414,-0.00019034,-0.00168931
0.149341,0.0717414,-0.000378286,-0.00165738
0.246912,0.0717414,-0.000561475,-0.0016046
0.469152,0.0717414,-0.000737603,-0.00153165
0.235943,0.0717414,-0.000904455,-0.00143943
0.129396,0.0717414,-0.00105993,-0.00132911
0.0760528,0.0717414,-0.00120208,-0.00120208
0.0461297,0.0717414,-0.00132911,-0.00105993
0.0301551,0.0717414,-0.00143943,-0.000904455
0.0207784,0.0717414,-0.00153165,-0.000737603
0.0148796,0.0717414,-0.0016046,-0.000561475
0.011177,0.0717414,-0.00165738,-0.000378286
0.00932487,0.0717414,-0.00168931,-0.00019034
0.0139735,0.0717414,0.00168931,-0.00019034
0.0145016,0.0717414,0.00165738,-0.000378286
0.0153152,0.0717414,0.0016046,-0.000561475
0.0164367,0.0717414,0.00153165,-0.000737603
0.0178979,0.0717414,0.00143943,-0.000904455
0.0197402,0.0717414,0.00132911,-0.00105993
0.022019,0.0717414,0.00120208,-0.00120208
0.0248138,0.0717414,0.00105993,-0.00132911
0.0282915,0.0717414,0.000904455,-0.00143943
0.0331325,0.0717414,0.000737603,-0.00153165
0.0392733,0.0717414,0.000561475,-0.0016046
0.0479056,0.0717414,0.000378286,-0.00165738
0.0600338,0.0717414,0.00019034,-0.00168931
0.105401,0.0720828,-1.56281e-17,0.0017
0.0777113,0.0720828,0.00019034,0.00168931
0.0605704,0.0720828,0.000378286,0.00165738
0.0487107,0.0720828,0.000561475,0.0016046
0.0400667,0.0720828,0.000737603,0.00153165
0.0334634,0.0720828,0.000904455,0.00143943
0.0287289,0.0720828,0.00105993,0.00132911
0.0250274,0.0720828,0.00120208,0.00120208
0.0220672,0.0720828,0.00132911,0.00105993
0.0197101,0.0720828,0.00143943,0.000904455
0.0178745,0.0720828,0.00153165,0.000737603
0.0167934,0.0720828,0.0016046,0.000561475
0.0160243,0.0720828,0.00165738,0.000378286
0.015532,0.0720828,0.00168931,0.00019034
0.0153524,0.0720828,0.0017,-3.77476e-19
0.00343556,0.0720828,-0.0017,3.77476e-19
0.00388145,0.0720828,-0.00168931,0.00019034
0.00512238,0.0720828,-0.00165738,0.000378286
0.00715197,0.0720828,-0.0016046,0.000561475
0.0104455,0.0720828,-0.00153165,0.000737603
0.0156922,0.0720828,-0.00143943,0.000904455
0.0235403,0.0720828,-0.00132911,0.00105993
0.0375278,0.0720828,-0.00120208,0.00120208
0.0644475,0.0720828,-0.00105993,0.00132911
0.113252,0.0720828,-0.000904455,0.00143943
0.212857,0.0720828,-0.000737603,0.00153165
0.431513,0.0720828,-0.000561475,0.0016046
0.260215,0.0720828,-0.000378286,0.00165738
0.153742,0.0720828,-0.00019034,0.00168931
0.105401,0.0720828,-1.63831e-17,-0.0017
0.153742,0.0720828,-0.00019034,-0.00168931
0.260215,0.0720828,-0.000378286,-0.00165738
0.431513,0.0720828,-0.000561475,-0.0016046
0.212857,0.0720828,-0.000737603,-0.00153165
0.113252,0.0720828,-0.000904455,-0.00143943
0.0644479,0.0720828,-0.00105993,-0.00132911
0.0375282,0.0720828,-0.00120208,-0.00120208
0.0235405,0.0720828,-0.00132911,-0.00105993
0.0156924,0.0720828,-0.00143943,-0.000904455
0.0104457,0.0720828,-0.00153165,-0.000737603
0.0071521,0.0720828,-0.0016046,-0.000561475
0.00512247,0.0720828,-0.00165738,-0.000378286
0.00388149,0.0720828,-0.00168931,-0.00019034
0.015532,0.0720828,0.00168931,-0.00019034
0.0160243,0.0720828,0.00165738,-0.000378286
0.0167934,0.0720828,0.0016046,-0.000561475
0.0178746,0.0720828,0.00153165,-0.000737603
0.0197101,0.0720828,0.00143943,-0.000904455
0.0220672,0.0720828,0.00132911,-0.00105993
0.0250274,0.0720828,0.00120208,-0.00120208
0.0287289,0.0720828,0.00105993,-0.00132911
0.0334634,0.0720828,0.000904455,-0.00143943
0.0400667,0.0720828,0.000737603,-0.00153165
0.0487107,0.0720828,0.000561475,-0.0016046
0.0605705,0.0720828,0.000378286,-0.00165738
0.0777113,0.0720828,0.00019034,-0.00168931
0.133425,0.0724243,-1.57039e-17,0.0017
0.093784,0.0724243,0.00019034,0.00168931
0.0710607,0.0724243,0.000378286,0.00165738
0.0560861,0.0724243,0.000561475,0.0016046
0.0456118,0.0724243,0.000737603,0.00153165
0.0378444,0.0724243,0.000904455,0.00143943
0.032399,0.0724243,0.00105993,0.00132911
0.0281843,0.0724243,0.00120208,0.00120208
0.0248641,0.0724243,0.00132911,0.00105993
0.0224737,0.0724243,0.00143943,0.000904455
0.0206584,0.0724243,0.00153165,0.000737603
0.0192875,0.0724243,0.0016046,0.000561475
0.0183082,0.0724243,0.00165738,0.000378286
0.0176842,0.0724243,0.00168931,0.00019034
0.0174572,0.0724243,0.0017,-3.77476e-19
0.00104415,0.0724243,-0.0017,3.77476e-19
0.00120117,0.0724243,-0.00168931,0.00019034
0.00189815,0.0724243,-0.00165738,0.000378286
0.00331869,0.0724243,-0.0016046,0.000561475
0.00560553,0.0724243,-0.00153165,0.000737603
0.00925184,0.0724243,-0.00143943,0.000904455
0.0148629,0.0724243,-0.00132911,0.00105993
0.0231693,0.0724243,-0.00120208,0.00120208
0.039188,0.0724243,-0.00105993,0.00132911
0.0676597,0.0724243,-0.000904455,0.00143943
0.122998,0.0724243,-0.000737603,0.00153165
0.24671,0.0724243,-0.000561475,0.0016046
0.474117,0.0724243,-0.000378286,0.00165738
0.216126,0.0724243,-0.00019034,0.00168931
0.133425,0.0724243,-1.64589e-17,-0.0017
0.216126,0.0724243,-0.00019034,-0.00168931
0.474117,0.0724243,-0.000378286,-0.00165738
0.24671,0.0724243,-0.000561475,-0.0016046
0.122998,0.0724243,-0.000737603,-0.00153165
0.06766,0.0724243,-0.000904455,-0.00143943
0.0391883,0.0724243,-0.00105993,-0.00132911
0.0231695,0.0724243,-0.00120208,-0.00120208
0.0148631,0.0724243,-0.00132911,-0.00105993
0.009252,0.0724243,-0.00143943,-0.000904455
0.00560566,0.0724243,-0.00153165,-0.000737603
0.00331879,0.0724243,-0.0016046,-0.000561475
0.00189822,0.0724243,-0.00165738,-0.000378286
0.00120118,0.0724243,-0.00168931,-0.00019034
0.0176842,0.0724243,0.00168931,-0.00019034
0.0183082,0.0724243,0.00165738,-0.000378286
0.0192875,0.0724243,0.0016046,-0.000561475
0.0206584,0.0724243,0.00153165,-0.000737603
0.0224737,0.0724243,0.00143943,-0.000904455
0.0248641,0.0724243,0.00132911,-0.00105993
0.0281843,0.0724243,0.00120208,-0.00120208
0.0323991,0.0724243,0.00105993,-0.00132911
0.0378444,0.0724243,0.000904455,-0.00143943
0.0456119,0.0724243,0.000737603,-0.00153165
0.0560861,0.0724243,0.000561475,-0.0016046
0.0710608,0.0724243,0.000378286,-0.00165738
0.0937841,0.0724243,0.00019034,-0.00168931
0.166854,0.0727657,-1.57798e-17,0.0017
0.111078,0.0727657,0.00019034,0.00168931
0.0812963,0.0727657,0.000378286,0.00165738
0.0627275,0.0727657,0.000561475,0.0016046
0.0501774,0.0727657,0.000737603,0.00153165
0.0411282,0.0727657,0.000904455,0.00143943
0.0349534,0.0727657,0.00105993,0.00132911
0.0303481,0.0727657,0.00120208,0.00120208
0.0270684,0.0727657,0.00132911,0.00105993
0.0245137,0.0727657,0.00143943,0.000904455
0.0225458,0.0727657,0.00153165,0.000737603
0.0210707,0.0727657,0.0016046,0.000561475
0.0200251,0.0727657,0.00165738,0.000378286
0.0193659,0.0727657,0.00168931,0.00019034
0.0191284,0.0727657,0.0017,-3.77476e-19
1.6573e-05,0.0727657,-0.0017,3.77476e-19
9.80229e-05,0.0727657,-0.00168931,0.00019034
0.000325223,0.0727657,-0.00165738,0.000378286
0.00111431,0.0727657,-0.0016046,0.000561475
0.00276324,0.0727657,-0.00153165,0.000737603
0.00515539,0.0727657,-0.00143943,0.000904455
0.0091638,0.0727657,-0.00132911,0.00105993
0.0153585,0.0727657,-0.00120208,0.00120208
0.0257343,0.0727657,-0.00105993,0.00132911
0.0458943,0.0727657,-0.000904455,0.00143943
0.0818358,0.0727657,-0.000737603,0.00153165
0.159758,0.0727657,-0.000561475,0.0016046
0.339224,0.0727657,-0.000378286,0.00165738
0.30983,0.0727657,-0.00019034,0.00168931
0.166854,0.0727657,-1.65347e-17,-0.0017
0.30983,0.0727657,-0.00019034,-0.00168931
0.339224,0.0727657,-0.000378286,-0.00165738
0.159758,0.0727657,-0.000561475,-0.0016046
0.0818361,0.0727657,-0.000737603,-0.00153165
0.0458946,0.0727657,-0.000904455,-0.00143943
0.0257346,0.0727657,-0.00105993,-0.00132911
0.0153586,0.0727657,-0.00120208,-0.00120208
0.00916395,0.0727657,-0.00132911,-0.00105993
0.00515551,0.0727657,-0.00143943,-0.000904455
0.00276334,0.0727657,-0.00153165,-0.000737603
0.00111438,0.0727657,-0.0016046,-0.000561475
0.000325235,0.0727657,-0.00165738,-0.000378286
9.80294e-05,0.0727657,-0.00168931,-0.00019034
0.0193659,0.0727657,0.00168931,-0.00019034
0.0200251,0.0727657,0.00165738,-0.000378286
0.0210707,0.0727657,0.0016046,-0.000561475
0.0225458,0.0727657,0.00153165,-0.000737603
0.0245137,0.0727657,0.00143943,-0.000904455
0.0270684,0.0727657,0.00132911,-0.00105993
0.0303482,0.0727657,0.00120208,-0.00120208
0.0349534,0.0727657,0.00105993,-0.00132911
0.0411282,0.0727657,0.000904455,-0.00143943
0.0501774,0.0727657,0.000737603,-0.00153165
0.0627275,0.0727657,0.000561475,-0.0016046
0.0812964,0.0727657,0.000378286,-0.00165738
0.111078,0.0727657,0.00019034,-0.00168931
0.206995,0.0731071,-1.58556e-17,0.0017
0.13041,0.0731071,0.00019034,0.00168931
0.0930302,0.0731071,0.000378286,0.00165738
0.0709286,0.0731071,0.000561475,0.0016046
0.0564528,0.0731071,0.000737603,0.00153165
0.0463465,0.0731071,0.000904455,0.00143943
0.0393848,0.0731071,0.00105993,0.00132911
0.0344647,0.0731071,0.00120208,0.00120208
0.0306697,0.0731071,0.00132911,0.00105993
0.0277305,0.0731071,0.00143943,0.000904455
0.0254757,0.0731071,0.00153165,0.000737603
0.0237913,0.0731071,0.0016046,0.000561475
0.0226019,0.0731071,0.00165738,0.000378286
0.0218592,0.0731071,0.00168931,0.00019034
0.0215949,0.0731071,0.0017,-3.77476e-19
0,0.0731071,-0.0017,3.77476e-19
0,0.0731071,-0.00168931,0.00019034
0,0.0731071,-0.00165738,0.000378286
0,0.0731071,-0.0016046,0.000561475
0.000899896,0.0731071,-0.00153165,0.000737603
0.00282624,0.0731071,-0.00143943,0.000904455
0.005776,0.0731071,-0.00132911,0.00105993
0.0103484,0.0731071,-0.00120208,0.00120208
0.0171989,0.0731071,-0.00105993,0.00132911
0.032992,0.0731071,-0.000904455,0.00143943
0.0594916,0.0731071,-0.000737603,0.00153165
0.114083,0.0731071,-0.000561475,0.0016046
0.241726,0.0731071,-0.000378286,0.00165738
0.45571,0.0731071,-0.00019034,0.00168931
0.206995,0.0731071,-1.66105e-17,-0.0017
0.455711,0.0731071,-0.00019034,-0.00168931
0.241726,0.0731071,-0.000378286,-0.00165738
0.114083,0.0731071,-0.000561475,-0.0016046
0.0594918,0.0731071,-0.000737603,-0.00153165
0.0329922,0.0731071,-0.000904455,-0.00143943
0.0171991,0.0731071,-0.00105993,-0.00132911
0.0103485,0.0731071,-0.00120208,-0.00120208
0.00577613,0.0731071,-0.00132911,-0.00105993
0.00282634,0.0731071,-0.00143943,-0.000904455
0.000899978,0.0731071,-0.00153165,-0.000737603
0,0.0731071,-0.0016046,-0.000561475
0,0.0731071,-0.00165738,-0.000378286
0,0.0731071,-0.00168931,-0.00019034
0.0218592,0.0731071,0.00168931,-0.00019034
0.0226019,0.0731071,0.00165738,-0.000378286
0.0237913,0.0731071,0.0016046,-0.000561475
0.0254757,0.0731071,0.00153165,-0.000737603
0.0277305,0.0731071,0.00143943,-0.000904455
0.0306697,0.0731071,0.00132911,-0.00105993
0.0344647,0.0731071,0.00120208,-0.00120208
0.0393848,0.0731071,0.00105993,-0.00132911
0.0463465,0.0731071,0.000904455,-0.00143943
0.0564528,0.0731071,0.000737603,-0.00153165
0.0709286,0.0731071,0.000561475,-0.0016046
0.0930303,0.0731071,0.000378286,-0.00165738
0.13041,0.0731071,0.00019034,-0.00168931
0.260719,0.0734485,-1.59314e-17,0.0017
0.15348,0.0734485,0.00019034,0.00168931
0.105803,0.0734485,0.000378286,0.00165738
0.0788576,0.0734485,0.000561475,0.0016046
0.061853,0.0734485,0.000737603,0.00153165
0.0507216,0.0734485,0.000904455,0.00143943
0.0434231,0.0734485,0.00105993,0.00132911
0.0380022,0.0734485,0.00120208,0.00120208
0.0338574,0.0734485,0.00132911,0.00105993
0.0306691,0.0734485,0.00143943,0.000904455
0.0282363,0.0734485,0.00153165,0.000737603
0.0264272,0.0734485,0.0016046,0.000561475
0.0251558,0.0734485,0.00165738,0.000378286
0.0243671,0.0734485,0.00168931,0.00019034
0.0240881,0.0734485,0.0017,-3.77476e-19
0,0.0734485,-0.0017,3.77476e-19
0,0.0734485,-0.00168931,0.00019034
0,0.0734485,-0.00165738,0.000378286
0,0.0734485,-0.0016046,0.000561475
0.000344815,0.0734485,-0.00153165,0.000737603
0.00127861,0.0734485,-0.00143943,0.000904455
0.00325805,0.0734485,-0.00132911,0.00105993
0.00692374,0.0734485,-0.00120208,0.00120208
0.0122717,0.0734485,-0.00105993,0.00132911
0.0243847,0.0734485,-0.000904455,0.00143943
0.0448289,0.0734485,-0.000737603,0.00153165
0.086324,0.0734485,-0.000561475,0.0016046
0.183261,0.0734485,-0.000378286,0.00165738
0.408804,0.0734485,-0.00019034,0.00168931
0.260719,0.0734485,-1.66863e-17,-0.0017
0.408803,0.0734485,-0.00019034,-0.00168931
0.183261,0.0734485,-0.000378286,-0.00165738
0.0863242,0.0734485,-0.000561475,-0.0016046
0.0448291,0.0734485,-0.000737603,-0.00153165
0.0243849,0.0734485,-0.000904455,-0.00143943
0.0122719,0.0734485,-0.00105993,-0.00132911
0.00692385,0.0734485,-0.00120208,-0.00120208
0.00325813,0.0734485,-0.00132911,-0.00105993
0.00127867,0.0734485,-0.00143943,-0.000904455
0.000344868,0.0734485,-0.00153165,-0.000737603
0,0.0734485,-0.0016046,-0.000561475
0,0.0734485,-0.00165738,-0.000378286
0,0.0734485,-0.00168931,-0.00019034
0.0243671,0.0734485,0.00168931,-0.00019034
0.0251559,0.0734485,0.00165738,-0.000378286
0.0264272,0.0734485,0.0016046,-0.000561475
0.0282363,0.0734485,0.00153165,-0.000737603
0.0306691,0.0734485,0.00143943,-0.000904455
0.0338574,0.0734485,0.00132911,-0.00105993
0.0380022,0.0734485,0.00120208,-0.00120208
0.0434231,0.0734485,0.00105993,-0.00132911
0.0507216,0.0734485,0.000904455,-0.00143943
0.061853,0.0734485,0.000737603,-0.00153165
0.0788577,0.0734485,0.000561475,-0.0016046
0.105803,0.0734485,0.000378286,-0.00165738
0.15348,0.0734485,0.00019034,-0.00168931
0.32452,0.07379,-1.60072e-17,0.0017
0.178851,0.07379,0.00019034,0.00168931
0.120408,0.07379,0.000378286,0.00165738
0.0889622,0.07379,0.000561475,0.0016046
0.0694128,0.07379,0.000737603,0.00153165
0.0567382,0.07379,0.000904455,0.00143943
0.0481626,0.07379,0.00105993,0.00132911
0.041784,0.07379,0.00120208,0.00120208
0.0369373,0.07379,0.00132911,0.00105993
0.033226,0.07379,0.00143943,0.000904455
0.0304022,0.07379,0.00153165,0.000737603
0.0283373,0.07379,0.0016046,0.000561475
0.0269951,0.07379,0.00165738,0.000378286
0.0261669,0.07379,0.00168931,0.00019034
0.0258756,0.07379,0.0017,-3.77476e-19
0,0.07379,-0.0017,3.77476e-19
0,0.07379,-0.00168931,0.00019034
0,0.07379,-0.00165738,0.000378286
0,0.07379,-0.0016046,0.000561475
0.000153419,0.07379,-0.00153165,0.000737603
0.000981149,0.07379,-0.00143943,0.000904455
0.00214196,0.07379,-0.00132911,0.00105993
0.00417679,0.07379,-0.00120208,0.00120208
0.00843636,0.07379,-0.00105993,0.00132911
0.0184986,0.07379,-0.000904455,0.00143943
0.0349743,0.07379,-0.000737603,0.00153165
0.0676802,0.07379,-0.000561475,0.0016046
0.144004,0.07379,-0.000378286,0.00165738
0.317786,0.07379,-0.00019034,0.00168931
0.32452,0.07379,-1.67621e-17,-0.0017
0.317786,0.07379,-0.00019034,-0.00168931
0.144005,0.07379,-0.000378286,-0.00165738
0.0676804,0.07379,-0.000561475,-0.0016046
0.0349745,0.07379,-0.000737603,-0.00153165
0.0184988,0.07379,-0.000904455,-0.00143943
0.00843646,0.07379,-0.00105993,-0.00132911
0.00417687,0.07379,-0.00120208,-0.00120208
0.00214201,0.07379,-0.00132911,-0.00105993
0.000981198,0.07379,-0.00143943,-0.000904455
0.000153463,0.07379,-0.00153165,-0.000737603
0,0.07379,-0.0016046,-0.000561475
0,0.07379,-0.00165738,-0.000378286
0,0.07379,-0.00168931,-0.00019034
0.0261669,0.07379,0.00168931,-0.00019034
0.0269951,0.07379,0.00165738,-0.000378286
0.0283373,0.07379,0.0016046,-0.000561475
0.0304022,0.07379,0.00153165,-0.000737603
0.033226,0.07379,0.00143943,-0.000904455
0.0369374,0.07379,0.00132911,-0.00105993
0.041784,0.07379,0.00120208,-0.00120208
0.0481626,0.07379,0.00105993,-0.00132911
0.0567382,0.07379,0.000904455,-0.00143943
0.0694128,0.07379,0.000737603,-0.00153165
0.0889622,0.07379,0.000561475,-0.0016046
0.120408,0.07379,0.000378286,-0.00165738
0.178851,0.07379,0.00019034,-0.00168931
0.405308,0.0741314,-1.6083e-17,0.0017
0.206326,0.0741314,0.00019034,0.00168931
0.134677,0.0741314,0.000378286,0.00165738
0.0983293,0.0741314,0.000561475,0.0016046
0.0764357,0.0741314,0.000737603,0.00153165
0.0627625,0.0741314,0.000904455,0.00143943
0.0533009,0.0741314,0.00105993,0.00132911
0.0463299,0.0741314,0.00120208,0.00120208
0.0410704,0.0741314,0.00132911,0.00105993
0.0370641,0.0741314,0.00143943,0.000904455
0.0340277,0.0741314,0.00153165,0.000737603
0.0317804,0.0741314,0.0016046,0.000561475
0.0302062,0.0741314,0.00165738,0.000378286
0.0292343,0.0741314,0.00168931,0.00019034
0.0288927,0.0741314,0.0017,-3.77476e-19
0,0.0741314,-0.0017,3.77476e-19
0,0.0741314,-0.00168931,0.00019034
0,0.0741314,-0.00165738,0.000378286
0,0.0741314,-0.0016046,0.000561475
1.38532e-05,0.0741314,-0.00153165,0.000737603
0.000747989,0.0741314,-0.00143943,0.000904455
0.00177252,0.0741314,-0.00132911,0.00105993
0.00320397,0.0741314,-0.00120208,0.00120208
0.0057596,0.0741314,-0.00105993,0.00132911
0.0138152,0.0741314,-0.000904455,0.00143943
0.0274042,0.0741314,-0.000737603,0.00153165
0.0548591,0.0741314,-0.000561475,0.0016046
0.117067,0.0741314,-0.000378286,0.00165738
0.25554,0.0741314,-0.00019034,0.00168931
0.405309,0.0741314,-1.68379e-17,-0.0017
0.25554,0.0741314,-0.00019034,-0.00168931
0.117067,0.0741314,-0.000378286,-0.00165738
0.0548593,0.0741314,-0.000561475,-0.0016046
0.0274045,0.0741314,-0.000737603,-0.00153165
0.0138154,0.0741314,-0.000904455,-0.00143943
0.00575979,0.0741314,-0.00105993,-0.00132911
0.00320402,0.0741314,-0.00120208,-0.00120208
0.00177256,0.0741314,-0.00132911,-0.00105993
0.000748032,0.0741314,-0.00143943,-0.000904455
1.38917e-05,0.0741314,-0.00153165,-0.000737603
0,0.0741314,-0.0016046,-0.000561475
0,0.0741314,-0.00165738,-0.000378286
0,0.0741314,-0.00168931,-0.00019034
0.0292343,0.0741314,0.00168931,-0.00019034
0.0302062,0.0741314,0.00165738,-0.000378286
0.0317804,0.0741314,0.0016046,-0.000561475
0.0340277,0.0741314,0.00153165,-0.000737603
0.0370641,0.0741314,0.00143943,-0.000904455
0.0410705,0.0741314,0.00132911,-0.00105993
0.0463299,0.0741314,0.00120208,-0.00120208
0.0533009,0.0741314,0.00105993,-0.00132911
0.0627625,0.0741314,0.000904455,-0.00143943
0.0764358,0.0741314,0.000737603,-0.00153165
0.0983294,0.0741314,0.000561475,-0.0016046
0.134678,0.0741314,0.000378286,-0.00165738
0.206327,0.0741314,0.00019034,-0.00168931
0.492597,0.0744728,-1.61588e-17,0.0017
0.239362,0.0744728,0.00019034,0.00168931
0.152032,0.0744728,0.000378286,0.00165738
0.10965,0.0744728,0.000561475,0.0016046
0.0850514,0.0744728,0.000737603,0.00153165
0.0696631,0.0744728,0.000904455,0.00143943
0.0590316,0.0744728,0.00105993,0.00132911
0.0512557,0.0744728,0.00120208,0.00120208
0.0454186,0.0744728,0.00132911,0.00105993
0.0409874,0.0744728,0.00143943,0.000904455
0.0376367,0.0744728,0.00153165,0.000737603
0.0351614,0.0744728,0.0016046,0.000561475
0.0334314,0.0744728,0.00165738,0.000378286
0.0323703,0.0744728,0.00168931,0.00019034
0.0320005,0.0744728,0.0017,-3.77476e-19
0,0.0744728,-0.0017,3.77476e-19
0,0.0744728,-0.00168931,0.00019034
0,0.0744728,-0.00165738,0.000378286
0,0.0744728,-0.0016046,0.000561475
0,0.0744728,-0.00153165,0.000737603
0.000534039,0.0744728,-0.00143943,0.000904455
0.00143378,0.0744728,-0.00132911,0.00105993
0.0026852,0.0744728,-0.00120208,0.00120208
0.00508702,0.0744728,-0.00105993,0.00132911
0.0111133,0.0744728,-0.000904455,0.00143943
0.0214478,0.0744728,-0.000737603,0.00153165
0.044484,0.0744728,-0.000561475,0.0016046
0.096403,0.0744728,-0.000378286,0.00165738
0.210342,0.0744728,-0.00019034,0.00168931
0.492597,0.0744728,-1.69138e-17,-0.0017
0.210342,0.0744728,-0.00019034,-0.00168931
0.0964033,0.0744728,-0.000378286,-0.00165738
0.0444843,0.0744728,-0.000561475,-0.0016046
0.021448,0.0744728,-0.000737603,-0.00153165
0.0111135,0.0744728,-0.000904455,-0.00143943
0.00508717,0.0744728,-0.00105993,-0.00132911
0.00268524,0.0744728,-0.00120208,-0.00120208
0.00143382,0.0744728,-0.00132911,-0.00105993
0.000534076,0.0744728,-0.00143943,-0.000904455
0,0.0744728,-0.00153165,-0.000737603
0,0.0744728,-0.0016046,-0.000561475
0,0.0744728,-0.00165738,-0.000378286
0,0.0744728,-0.00168931,-0.00019034
0.0323703,0.0744728,0.00168931,-0.00019034
0.0334314,0.0744728,0.00165738,-0.000378286
0.0351614,0.0744728,0.0016046,-0.000561475
0.0376367,0.0744728,0.00153165,-0.000737603
0.0409875,0.0744728,0.00143943,-0.000904455
0.0454186,0.0744728,0.00132911,-0.00105993
0.0512558,0.0744728,0.00120208,-0.00120208
0.0590316,0.0744728,0.00105993,-0.00132911
0.0696631,0.0744728,0.000904455,-0.00143943
0.0850515,0.0744728,0.000737603,-0.00153165
0.10965,0.0744728,0.000561475,-0.0016046
0.152032,0.0744728,0.000378286,-0.00165738
0.239362,0.0744728,0.00019034,-0.00168931
0.404055,0.0748142,-1.62346e-17,0.0017
0.277157,0.0748142,0.00019034,0.00168931
0.170178,0.0748142,0.000378286,0.00165738
0.121349,0.0748142,0.000561475,0.0016046
0.094003,0.0748142,0.000737603,0.00153165
0.0769733,0.0748142,0.000904455,0.00143943
0.0652742,0.0748142,0.00105993,0.00132911
0.0567871,0.0748142,0.00120208,0.00120208
0.0504535,0.0748142,0.00132911,0.00105993
0.0456655,0.0748142,0.00143943,0.000904455
0.0420555,0.0748142,0.00153165,0.000737603
0.0393945,0.0748142,0.0016046,0.000561475
0.0375393,0.0748142,0.00165738,0.000378286
0.0364053,0.0748142,0.00168931,0.00019034
0.0360113,0.0748142,0.0017,-3.77476e-19
0,0.0748142,-0.0017,3.77476e-19
0,0.0748142,-0.00168931,0.00019034
0,0.0748142,-0.00165738,0.000378286
0,0.0748142,-0.0016046,0.000561475
0,0.0748142,-0.00153165,0.000737603
0.00030868,0.0748142,-0.00143943,0.000904455
0.00109054,0.0748142,-0.00132911,0.00105993
0.00217431,0.0748142,-0.00120208,0.00120208
0.00487288,0.0748142,-0.00105993,0.00132911
0.00983608,0.0748142,-0.000904455,0.00143943
0.0184836,0.0748142,-0.000737603,0.00153165
0.0364042,0.0748142,-0.000561475,0.0016046
0.0796469,0.0748142,-0.000378286,0.00165738
0.175054,0.0748142,-0.00019034,0.00168931
0.404055,0.0748142,-1.69896e-17,-0.0017
0.175054,0.0748142,-0.00019034,-0.00168931
0.0796472,0.0748142,-0.000378286,-0.00165738
0.0364044,0.0748142,-0.000561475,-0.0016046
0.0184838,0.0748142,-0.000737603,-0.00153165
0.00983623,0.0748142,-0.000904455,-0.00143943
0.00487302,0.0748142,-0.00105993,-0.00132911
0.00217435,0.0748142,-0.00120208,-0.00120208
0.00109058,0.0748142,-0.00132911,-0.00105993
0.000308713,0.0748142,-0.00143943,-0.000904455
0,0.0748142,-0.00153165,-0.000737603
0,0.0748142,-0.0016046,-0.000561475
0,0.0748142,-0.00165738,-0.000378286
0,0.0748142,-0.00168931,-0.00019034
0.0364053,0.0748142,0.00168931,-0.00019034
0.0375393,0.0748142,0.00165738,-0.000378286
0.0393945,0.0748142,0.0016046,-0.000561475
0.0420555,0.0748142,0.00153165,-0.000737603
0.0456655,0.0748142,0.00143943,-0.000904455
0.0504536,0.0748142,0.00132911,-0.00105993
0.0567872,0.0748142,0.00120208,-0.00120208
0.0652742,0.0748142,0.00105993,-0.00132911
0.0769734,0.0748142,0.000904455,-0.00143943
0.0940032,0.0748142,0.000737603,-0.00153165
0.121349,0.0748142,0.000561475,-0.0016046
0.170178,0.0748142,0.000378286,-0.00165738
0.277158,0.0748142,0.00019034,-0.00168931
0.333501,0.0751556,-1.63104e-17,0.0017
0.320623,0.0751556,0.00019034,0.00168931
0.189295,0.0751556,0.000378286,0.00165738
0.133315,0.0751556,0.000561475,0.0016046
0.102593,0.0751556,0.000737603,0.00153165
0.0837813,0.0751556,0.000904455,0.00143943
0.0709633,0.0751556,0.00105993,0.00132911
0.0617421,0.0751556,0.00120208,0.00120208
0.0549021,0.0751556,0.00132911,0.00105993
0.0497536,0.0751556,0.00143943,0.000904455
0.0458837,0.0751556,0.00153165,0.000737603
0.0430375,0.0751556,0.0016046,0.000561475
0.0410578,0.0751556,0.00165738,0.000378286
0.0398516,0.0751556,0.00168931,0.00019034
0.0394337,0.0751556,0.0017,-3.77476e-19
0,0.0751556,-0.0017,3.77476e-19
0,0.0751556,-0.00168931,0.00019034
0,0.0751556,-0.00165738,0.000378286
0,0.0751556,-0.0016046,0.000561475
0,0.0751556,-0.00153165,0.000737603
5.23192e-05,0.0751556,-0.00143943,0.000904455
0.000721438,0.0751556,-0.00132911,0.00105993
0.00164685,0.0751556,-0.00120208,0.00120208
0.00465592,0.0751556,-0.00105993,0.00132911
0.00912544,0.0751556,-0.000904455,0.00143943
0.0163325,0.0751556,-0.000737603,0.00153165
0.0317199,0.0751556,-0.000561475,0.0016046
0.068212,0.0751556,-0.000378286,0.00165738
0.146738,0.0751556,-0.00019034,0.00168931
0.333501,0.0751556,-1.70654e-17,-0.0017
0.146738,0.0751556,-0.00019034,-0.00168931
0.0682125,0.0751556,-0.000378286,-0.00165738
0.0317201,0.0751556,-0.000561475,-0.0016046
0.0163327,0.0751556,-0.000737603,-0.00153165
0.00912558,0.0751556,-0.000904455,-0.00143943
0.00465606,0.0751556,-0.00105993,-0.00132911
0.00164688,0.0751556,-0.00120208,-0.00120208
0.000721467,0.0751556,-0.00132911,-0.00105993
5.23472e-05,0.0751556,-0.00143943,-0.000904455
0,0.0751556,-0.00153165,-0.000737603
0,0.0751556,-0.0016046,-0.000561475
0,0.0751556,-0.00165738,-0.000378286
0,0.0751556,-0.00168931,-0.00019034
0.0398516,0.0751556,0.00168931,-0.00019034
0.0410578,0.0751556,0.00165738,-0.000378286
0.0430375,0.0751556,0.0016046,-0.000561475
0.0458837,0.0751556,0.00153165,-0.000737603
0.0497536,0.0751556,0.00143943,-0.000904455
0.0549021,0.0751556,0.00132911,-0.00105993
0.0617421,0.0751556,0.00120208,-0.00120208
0.0709633,0.0751556,0.00105993,-0.00132911
0.0837814,0.0751556,0.000904455,-0.00143943
0.102593,0.0751556,0.000737603,-0.00153165
0.133315,0.0751556,0.000561475,-0.0016046
0.189295,0.0751556,0.000378286,-0.00165738
0.320624,0.0751556,0.00019034,-0.00168931
0.279595,0.0754971,-1.63862e-17,0.0017
0.372971,0.0754971,0.00019034,0.00168931
0.209521,0.0754971,0.000378286,0.00165738
0.145159,0.0754971,0.000561475,0.0016046
0.110732,0.0754971,0.000737603,0.00153165
0.0900059,0.0754971,0.000904455,0.00143943
0.0760331,0.0754971,0.00105993,0.00132911
0.0660689,0.0754971,0.00120208,0.00120208
0.0587245,0.0754971,0.00132911,0.00105993
0.0532216,0.0754971,0.00143943,0.000904455
0.0490987,0.0754971,0.00153165,0.000737603
0.0460735,0.0754971,0.0016046,0.000561475
0.0439739,0.0754971,0.00165738,0.000378286
0.0426988,0.0754971,0.00168931,0.00019034
0.0422584,0.0754971,0.0017,-3.77476e-19
0,0.0754971,-0.0017,3.77476e-19
0,0.0754971,-0.00168931,0.00019034
0,0.0754971,-0.00165738,0.000378286
0,0.0754971,-0.0016046,0.000561475
0,0.0754971,-0.00153165,0.000737603
0,0.0754971,-0.00143943,0.000904455
0.000316067,0.0754971,-0.00132911,0.00105993
0.00154324,0.0754971,-0.00120208,0.00120208
0.00436805,0.0754971,-0.00105993,0.00132911
0.00836373,0.0754971,-0.000904455,0.00143943
0.0150873,0.0754971,-0.000737603,0.00153165
0.0279983,0.0754971,-0.000561475,0.0016046
0.0602307,0.0754971,-0.000378286,0.00165738
0.127556,0.0754971,-0.00019034,0.00168931
0.279595,0.0754971,-1.71412e-17,-0.0017
0.127556,0.0754971,-0.00019034,-0.00168931
0.0602311,0.0754971,-0.000378286,-0.00165738
0.0279986,0.0754971,-0.000561475,-0.0016046
0.0150874,0.0754971,-0.000737603,-0.00153165
0.00836386,0.0754971,-0.000904455,-0.00143943
0.00436818,0.0754971,-0.00105993,-0.00132911
0.00154336,0.0754971,-0.00120208,-0.00120208
0.000316092,0.0754971,-0.00132911,-0.00105993
0,0.0754971,-0.00143943,-0.000904455
0,0.0754971,-0.00153165,-0.000737603
0,0.0754971,-0.0016046,-0.000561475
0,0.0754971,-0.00165738,-0.000378286
0,0.0754971,-0.00168931,-0.00019034
0.0426988,0.0754971,0.00168931,-0.00019034
0.043974,0.0754971,0.00165738,-0.000378286
0.0460736,0.0754971,0.0016046,-0.000561475
0.0490987,0.0754971,0.00153165,-0.000737603
0.0532216,0.0754971,0.00143943,-0.000904455
0.0587245,0.0754971,0.00132911,-0.00105993
0.0660689,0.0754971,0.00120208,-0.00120208
0.0760331,0.0754971,0.00105993,-0.00132911
0.0900059,0.0754971,0.000904455,-0.00143943
0.110732,0.0754971,0.000737603,-0.00153165
0.145159,0.0754971,0.000561475,-0.0016046
0.209521,0.0754971,0.000378286,-0.00165738
0.372972,0.0754971,0.00019034,-0.00168931
0.238126,0.0758385,-1.64621e-17,0.0017
0.438379,0.0758385,0.00019034,0.00168931
0.236431,0.0758385,0.000378286,0.00165738
0.160523,0.0758385,0.000561475,0.0016046
0.120618,0.0758385,0.000737603,0.00153165
0.096793,0.0758385,0.000904455,0.00143943
0.0808508,0.0758385,0.00105993,0.00132911
0.0699603,0.0758385,0.00120208,0.00120208
0.061986,0.0758385,0.00132911,0.00105993
0.0561358,0.0758385,0.00143943,0.000904455
0.0517709,0.0758385,0.00153165,0.000737603
0.0485761,0.0758385,0.0016046,0.000561475
0.0463632,0.0758385,0.00165738,0.000378286
0.0450234,0.0758385,0.00168931,0.00019034
0.0445623,0.0758385,0.0017,-3.77476e-19
0,0.0758385,-0.0017,3.77476e-19
0,0.0758385,-0.00168931,0.00019034
0,0.0758385,-0.00165738,0.000378286
0,0.0758385,-0.0016046,0.000561475
0,0.0758385,-0.00153165,0.000737603
0,0.0758385,-0.00143943,0.000904455
0,0.0758385,-0.00132911,0.00105993
0.00145626,0.0758385,-0.00120208,0.00120208
0.00396492,0.0758385,-0.00105993,0.00132911
0.00750227,0.0758385,-0.000904455,0.00143943
0.0138363,0.0758385,-0.000737603,0.00153165
0.0264057,0.0758385,-0.000561475,0.0016046
0.0539902,0.0758385,-0.000378286,0.00165738
0.111603,0.0758385,-0.00019034,0.00168931
0.238126,0.0758385,-1.7217e-17,-0.0017
0.111603,0.0758385,-0.00019034,-0.00168931
0.0539905,0.0758385,-0.000378286,-0.00165738
0.026406,0.0758385,-0.000561475,-0.0016046
0.0138365,0.0758385,-0.000737603,-0.00153165
0.00750239,0.0758385,-0.000904455,-0.00143943
0.00396504,0.0758385,-0.00105993,-0.00132911
0.00145637,0.0758385,-0.00120208,-0.00120208
0,0.0758385,-0.00132911,-0.00105993
0,0.0758385,-0.00143943,-0.000904455
0,0.0758385,-0.00153165,-0.000737603
0,0.0758385,-0.0016046,-0.000561475
0,0.0758385,-0.00165738,-0.000378286
0,0.0758385,-0.00168931,-0.00019034
0.0450235,0.0758385,0.00168931,-0.00019034
0.0463633,0.0758385,0.00165738,-0.000378286
0.0485761,0.0758385,0.0016046,-0.000561475
0.0517709,0.0758385,0.00153165,-0.000737603
0.0561358,0.0758385,0.00143943,-0.000904455
0.061986,0.0758385,0.00132911,-0.00105993
0.0699603,0.0758385,0.00120208,-0.00120208
0.0808508,0.0758385,0.00105993,-0.00132911
0.096793,0.0758385,0.000904455,-0.00143943
0.120618,0.0758385,0.000737603,-0.00153165
0.160524,0.0758385,0.000561475,-0.0016046
0.236431,0.0758385,0.000378286,-0.00165738
0.43838,0.0758385,0.00019034,-0.00168931
0.205046,0.0761799,-1.65379e-17,0.0017
0.486333,0.0761799,0.00019034,0.00168931
0.266662,0.0761799,0.000378286,0.00165738
0.178751,0.0761799,0.000561475,0.0016046
0.133875,0.0761799,0.000737603,0.00153165
0.107415,0.0761799,0.000904455,0.00143943
0.0899108,0.0761799,0.00105993,0.00132911
0.0775864,0.0761799,0.00120208,0.00120208
0.0685826,0.0761799,0.00132911,0.00105993
0.0618771,0.0761799,0.00143943,0.000904455
0.0568724,0.0761799,0.00153165,0.000737603
0.0532088,0.0761799,0.0016046,0.000561475
0.0506702,0.0761799,0.00165738,0.000378286
0.0491363,0.0761799,0.00168931,0.00019034
0.0486109,0.0761799,0.0017,-3.77476e-19
0,0.0761799,-0.0017,3.77476e-19
0,0.0761799,-0.00168931,0.00019034
0,0.0761799,-0.00165738,0.000378286
0,0.0761799,-0.0016046,0.000561475
0,0.0761799,-0.00153165,0.000737603
0,0.0761799,-0.00143943,0.000904455
0.000242941,0.0761799,-0.00132911,0.00105993
0.00132416,0.0761799,-0.00120208,0.00120208
0.00342193,0.0761799,-0.00105993,0.00132911
0.0065157,0.0761799,-0.000904455,0.00143943
0.0124553,0.0761799,-0.000737603,0.00153165
0.0252144,0.0761799,-0.000561475,0.0016046
0.0492021,0.0761799,-0.000378286,0.00165738
0.0985817,0.0761799,-0.00019034,0.00168931
0.205046,0.0761799,-1.72928e-17,-0.0017
0.0985821,0.0761799,-0.00019034,-0.00168931
0.0492024,0.0761799,-0.000378286,-0.00165738
0.0252147,0.0761799,-0.000561475,-0.0016046
0.0124554,0.0761799,-0.000737603,-0.00153165
0.00651581,0.0761799,-0.000904455,-0.00143943
0.00342203,0.0761799,-0.00105993,-0.00132911
0.00132423,0.0761799,-0.00120208,-0.00120208
0.000243011,0.0761799,-0.00132911,-0.00105993
0,0.0761799,-0.00143943,-0.000904455
0,0.0761799,-0.00153165,-0.000737603
0,0.0761799,-0.0016046,-0.000561475
0,0.0761799,-0.00165738,-0.000378286
0,0.0761799,-0.00168931,-0.00019034
0.0491363,0.0761799,0.00168931,-0.00019034
0.0506702,0.0761799,0.00165738,-0.000378286
0.0532088,0.0761799,0.0016046,-0.000561475
0.0568724,0.0761799,0.00153165,-0.000737603
0.0618772,0.0761799,0.00143943,-0.000904455
0.0685827,0.0761799,0.00132911,-0.00105993
0.0775864,0.0761799,0.00120208,-0.00120208
0.0899109,0.0761799,0.00105993,-0.00132911
0.107415,0.0761799,0.000904455,-0.00143943
0.133875,0.0761799,0.000737603,-0.00153165
0.178751,0.0761799,0.000561475,-0.0016046
0.266663,0.0761799,0.000378286,-0.00165738
0.486333,0.0761799,0.00019034,-0.00168931
0.178573,0.0765213,-1.66137e-17,0.0017
0.411746,0.0765213,0.00019034,0.00168931
0.300382,0.0765213,0.000378286,0.00165738
0.198127,0.0765213,0.000561475,0.0016046
0.147634,0.0765213,0.000737603,0.00153165
0.118231,0.0765213,0.000904455,0.00143943
0.0990139,0.0765213,0.00105993,0.00132911
0.0855804,0.0765213,0.00120208,0.00120208
0.0758152,0.0765213,0.00132911,0.00105993
0.0685672,0.0765213,0.00143943,0.000904455
0.0631694,0.0765213,0.00153165,0.000737603
0.0592238,0.0765213,0.0016046,0.000561475
0.0564937,0.0765213,0.00165738,0.000378286
0.0548474,0.0765213,0.00168931,0.00019034
0.0542843,0.0765213,0.0017,-3.77476e-19
0,0.0765213,-0.0017,3.77476e-19
0,0.0765213,-0.00168931,0.00019034
0,0.0765213,-0.00165738,0.000378286
0,0.0765213,-0.0016046,0.000561475
0,0.0765213,-0.00153165,0.000737603
0,0.0765213,-0.00143943,0.000904455
0.000578565,0.0765213,-0.00132911,0.00105993
0.00155967,0.0765213,-0.00120208,0.00120208
0.00291359,0.0765213,-0.00105993,0.00132911
0.00554096,0.0765213,-0.000904455,0.00143943
0.0113952,0.0765213,-0.000737603,0.00153165
0.0240815,0.0765213,-0.000561475,0.0016046
0.0454175,0.0765213,-0.000378286,0.00165738
0.0876876,0.0765213,-0.00019034,0.00168931
0.178573,0.0765213,-1.73686e-17,-0.0017
0.0876879,0.0765213,-0.00019034,-0.00168931
0.0454178,0.0765213,-0.000378286,-0.00165738
0.0240817,0.0765213,-0.000561475,-0.0016046
0.0113954,0.0765213,-0.000737603,-0.00153165
0.00554104,0.0765213,-0.000904455,-0.00143943
0.00291366,0.0765213,-0.00105993,-0.00132911
0.00155974,0.0765213,-0.00120208,-0.00120208
0.000578628,0.0765213,-0.00132911,-0.00105993
0,0.0765213,-0.00143943,-0.000904455
0,0.0765213,-0.00153165,-0.000737603
0,0.0765213,-0.0016046,-0.000561475
0,0.0765213,-0.00165738,-0.000378286
0,0.0765213,-0.00168931,-0.00019034
0.0548474,0.0765213,0.00168931,-0.00019034
0.0564937,0.0765213,0.00165738,-0.000378286
0.0592238,0.0765213,0.0016046,-0.000561475
0.0631695,0.0765213,0.00153165,-0.000737603
0.0685673,0.0765213,0.00143943,-0.000904455
0.0758153,0.0765213,0.00132911,-0.00105993
0.0855805,0.0765213,0.00120208,-0.00120208
0.099014,0.0765213,0.00105993,-0.00132911
0.118231,0.0765213,0.000904455,-0.00143943
0.147634,0.0765213,0.000737603,-0.00153165
0.198127,0.0765213,0.000561475,-0.0016046
0.300382,0.0765213,0.000378286,-0.00165738
0.411746,0.0765213,0.00019034,-0.00168931
0.157184,0.0768628,-1.66895e-17,0.0017
0.349713,0.0768628,0.00019034,0.00168931
0.338796,0.0768628,0.000378286,0.00165738
0.219302,0.0768628,0.000561475,0.0016046
0.162037,0.0768628,0.000737603,0.00153165
0.129152,0.0768628,0.000904455,0.00143943
0.108054,0.0768628,0.00105993,0.00132911
0.0934138,0.0768628,0.00120208,0.00120208
0.0828263,0.0768628,0.00132911,0.00105993
0.0749963,0.0768628,0.00143943,0.000904455
0.0691797,0.0768628,0.00153165,0.000737603
0.0649351,0.0768628,0.0016046,0.000561475
0.0620029,0.0768628,0.00165738,0.000378286
0.0602384,0.0768628,0.00168931,0.00019034
0.0596357,0.0768628,0.0017,-3.77476e-19
0,0.0768628,-0.0017,3.77476e-19
0,0.0768628,-0.00168931,0.00019034
0,0.0768628,-0.00165738,0.000378286
0,0.0768628,-0.0016046,0.000561475
0,0.0768628,-0.00153165,0.000737603
0.000140529,0.0768628,-0.00143943,0.000904455
0.000780206,0.0768628,-0.00132911,0.00105993
0.00165595,0.0768628,-0.00120208,0.00120208
0.00286166,0.0768628,-0.00105993,0.00132911
0.00492453,0.0768628,-0.000904455,0.00143943
0.0111485,0.0768628,-0.000737603,0.00153165
0.0228528,0.0768628,-0.000561475,0.0016046
0.0420022,0.0768628,-0.000378286,0.00165738
0.0782233,0.0768628,-0.00019034,0.00168931
0.157185,0.0768628,-1.74444e-17,-0.0017
0.0782237,0.0768628,-0.00019034,-0.00168931
0.0420025,0.0768628,-0.000378286,-0.00165738
0.0228531,0.0768628,-0.000561475,-0.0016046
0.0111487,0.0768628,-0.000737603,-0.00153165
0.0049246,0.0768628,-0.000904455,-0.00143943
0.00286172,0.0768628,-0.00105993,-0.00132911
0.00165601,0.0768628,-0.00120208,-0.00120208
0.00078026,0.0768628,-0.00132911,-0.00105993
0.000140577,0.0768628,-0.00143943,-0.000904455
0,0.0768628,-0.00153165,-0.000737603
0,0.0768628,-0.0016046,-0.000561475
0,0.0768628,-0.00165738,-0.000378286
0,0.0768628,-0.00168931,-0.00019034
0.0602384,0.0768628,0.00168931,-0.00019034
0.062003,0.0768628,0.00165738,-0.000378286
0.0649351,0.0768628,0.0016046,-0.000561475
0.0691797,0.0768628,0.00153165,-0.000737603
0.0749963,0.0768628,0.00143943,-0.000904455
0.0828263,0.0768628,0.00132911,-0.00105993
0.0934139,0.0768628,0.00120208,-0.00120208
0.108054,0.0768628,0.00105993,-0.00132911
0.129152,0.0768628,0.000904455,-0.00143943
0.162037,0.0768628,0.000737603,-0.00153165
0.219302,0.0768628,0.000561475,-0.0016046
0.338797,0.0768628,0.000378286,-0.00165738
0.349713,0.0768628,0.00019034,-0.00168931
0.139194,0.0772042,-1.67653e-17,0.0017
0.299121,0.0772042,0.00019034,0.00168931
0.382028,0.0772042,0.000378286,0.00165738
0.242506,0.0772042,0.000561475,0.0016046
0.177643,0.0772042,0.000737603,0.00153165
0.140929,0.0772042,0.000904455,0.00143943
0.117535,0.0772042,0.00105993,0.00132911
0.101402,0.0772042,0.00120208,0.00120208
0.089786,0.0772042,0.00132911,0.00105993
0.0812232,0.0772042,0.00143943,0.000904455
0.0748773,0.0772042,0.00153165,0.000737603
0.0702555,0.0772042,0.0016046,0.000561475
0.0670942,0.0772042,0.00165738,0.000378286
0.0652089,0.0772042,0.00168931,0.00019034
0.0645664,0.0772042,0.0017,-3.77476e-19
0,0.0772042,-0.0017,3.77476e-19
0,0.0772042,-0.00168931,0.00019034
0,0.0772042,-0.00165738,0.000378286
0,0.0772042,-0.0016046,0.000561475
0,0.0772042,-0.00153165,0.000737603
0.000292215,0.0772042,-0.00143943,0.000904455
0.000854141,0.0772042,-0.00132911,0.00105993
0.00162226,0.0772042,-0.00120208,0.00120208
0.0026788,0.0772042,-0.00105993,0.00132911
0.00534659,0.0772042,-0.000904455,0.00143943
0.0113842,0.0772042,-0.000737603,0.00153165
0.0213653,0.0772042,-0.000561475,0.0016046
0.0385677,0.0772042,-0.000378286,0.00165738
0.0695975,0.0772042,-0.00019034,0.00168931
0.139195,0.0772042,-1.75202e-17,-0.0017
0.0695978,0.0772042,-0.00019034,-0.00168931
0.0385679,0.0772042,-0.000378286,-0.00165738
0.0213656,0.0772042,-0.000561475,-0.0016046
0.0113844,0.0772042,-0.000737603,-0.00153165
0.0053468,0.0772042,-0.000904455,-0.00143943
0.00267886,0.0772042,-0.00105993,-0.00132911
0.00162231,0.0772042,-0.00120208,-0.00120208
0.000854188,0.0772042,-0.00132911,-0.00105993
0.000292256,0.0772042,-0.00143943,-0.000904455
0,0.0772042,-0.00153165,-0.000737603
0,0.0772042,-0.0016046,-0.000561475
0,0.0772042,-0.00165738,-0.000378286
0,0.0772042,-0.00168931,-0.00019034
0.0652089,0.0772042,0.00168931,-0.00019034
0.0670943,0.0772042,0.00165738,-0.000378286
0.0702555,0.0772042,0.0016046,-0.000561475
0.0748773,0.0772042,0.00153165,-0.000737603
0.0812232,0.0772042,0.00143943,-0.000904455
0.089786,0.0772042,0.00132911,-0.00105993
0.101402,0.0772042,0.00120208,-0.00120208
0.117535,0.0772042,0.00105993,-0.00132911
0.140929,0.0772042,0.000904455,-0.00143943
0.177643,0.0772042,0.000737603,-0.00153165
0.242506,0.0772042,0.000561475,-0.0016046
0.382028,0.0772042,0.000378286,-0.00165738
0.299121,0.0772042,0.00019034,-0.00168931
0.123917,0.0775456,-1.68411e-17,0.0017
0.257328,0.0775456,0.00019034,0.00168931
0.429841,0.0775456,0.000378286,0.00165738
0.267623,0.0775456,0.000561475,0.0016046
0.194392,0.0775456,0.000737603,0.00153165
0.153241,0.0775456,0.000904455,0.00143943
0.127332,0.0775456,0.00105993,0.00132911
0.109715,0.0775456,0.00120208,0.00120208
0.0971657,0.0775456,0.00132911,0.00105993
0.0879503,0.0775456,0.00143943,0.000904455
0.0811391,0.0775456,0.00153165,0.000737603
0.0761875,0.0775456,0.0016046,0.000561475
0.0727795,0.0775456,0.00165738,0.000378286
0.070742,0.0775456,0.00168931,0.00019034
0.0700515,0.0775456,0.0017,-3.77476e-19
0,0.0775456,-0.0017,3.77476e-19
0,0.0775456,-0.00168931,0.00019034
0,0.0775456,-0.00165738,0.000378286
0,0.0775456,-0.0016046,0.000561475
0,0.0775456,-0.00153165,0.000737603
0.000328685,0.0775456,-0.00143943,0.000904455
0.000812632,0.0775456,-0.00132911,0.00105993
0.00147423,0.0775456,-0.00120208,0.00120208
0.00246946,0.0775456,-0.00105993,0.00132911
0.0061499,0.0775456,-0.000904455,0.00143943
0.0117253,0.0775456,-0.000737603,0.00153165
0.0208793,0.0775456,-0.000561475,0.0016046
0.035368,0.0775456,-0.000378286,0.00165738
0.0635278,0.0775456,-0.00019034,0.00168931
0.123918,0.0775456,-1.75961e-17,-0.0017
0.0635283,0.0775456,-0.00019034,-0.00168931
0.0353682,0.0775456,-0.000378286,-0.00165738
0.0208795,0.0775456,-0.000561475,-0.0016046
0.0117255,0.0775456,-0.000737603,-0.00153165
0.0061501,0.0775456,-0.000904455,-0.00143943
0.00246965,0.0775456,-0.00105993,-0.00132911
0.00147428,0.0775456,-0.00120208,-0.00120208
0.000812673,0.0775456,-0.00132911,-0.00105993
0.000328722,0.0775456,-0.00143943,-0.000904455
0,0.0775456,-0.00153165,-0.000737603
0,0.0775456,-0.0016046,-0.000561475
0,0.0775456,-0.00165738,-0.000378286
0,0.0775456,-0.00168931,-0.00019034
0.070742,0.0775456,0.00168931,-0.00019034
0.0727795,0.0775456,0.00165738,-0.000378286
0.0761876,0.0775456,0.0016046,-0.000561475
0.0811391,0.0775456,0.00153165,-0.000737603
0.0879503,0.0775456,0.00143943,-0.000904455
0.0971657,0.0775456,0.00132911,-0.00105993
0.109715,0.0775456,0.00120208,-0.00120208
0.127332,0.0775456,0.00105993,-0.00132911
0.153242,0.0775456,0.000904455,-0.00143943
0.194393,0.0775456,0.000737603,-0.00153165
0.267623,0.0775456,0.000561475,-0.0016046
0.429841,0.0775456,0.000378286,-0.00165738
0.257328,0.0775456,0.00019034,-0.00168931
0.110567,0.077887,-1.69169e-17,0.0017
0.223023,0.077887,0.00019034,0.00168931
0.481791,0.077887,0.000378286,0.00165738
0.29436,0.077887,0.000561475,0.0016046
0.212262,0.077887,0.000737603,0.00153165
0.166518,0.077887,0.000904455,0.00143943
0.137919,0.077887,0.00105993,0.00132911
0.118422,0.077887,0.00120208,0.00120208
0.104661,0.077887,0.00132911,0.00105993
0.0946021,0.077887,0.00143943,0.000904455
0.0871919,0.077887,0.00153165,0.000737603
0.0818993,0.077887,0.0016046,0.000561475
0.0782621,0.077887,0.00165738,0.000378286
0.0760922,0.077887,0.00168931,0.00019034
0.0753585,0.077887,0.0017,-3.77476e-19
0,0.077887,-0.0017,3.77476e-19
0,0.077887,-0.00168931,0.00019034
0,0.077887,-0.00165738,0.000378286
0,0.077887,-0.0016046,0.000561475
0,0.077887,-0.00153165,0.000737603
0.00026323,0.077887,-0.00143943,0.000904455
0.000671342,0.077887,-0.00132911,0.00105993
0.00123058,0.077887,-0.00120208,0.00120208
0.00315521,0.077887,-0.00105993,0.00132911
0.0066082,0.077887,-0.000904455,0.00143943
0.0117567,0.077887,-0.000737603,0.00153165
0.0201777,0.077887,-0.000561475,0.0016046
0.0333585,0.077887,-0.000378286,0.00165738
0.0595794,0.077887,-0.00019034,0.00168931
0.110568,0.077887,-1.76719e-17,-0.0017
0.0595799,0.077887,-0.00019034,-0.00168931
0.0333587,0.077887,-0.000378286,-0.00165738
0.0201779,0.077887,-0.000561475,-0.0016046
0.0117569,0.077887,-0.000737603,-0.00153165
0.00660838,0.077887,-0.000904455,-0.00143943
0.00315538,0.077887,-0.00105993,-0.00132911
0.00123062,0.077887,-0.00120208,-0.00120208
0.00067138,0.077887,-0.00132911,-0.00105993
0.000263264,0.077887,-0.00143943,-0.000904455
0,0.077887,-0.00153165,-0.000737603
0,0.077887,-0.0016046,-0.000561475
0,0.077887,-0.00165738,-0.000378286
0,0.077887,-0.00168931,-0.00019034
0.0760922,0.077887,0.00168931,-0.00019034
0.0782622,0.077887,0.00165738,-0.000378286
0.0818994,0.077887,0.0016046,-0.000561475
0.0871919,0.077887,0.00153165,-0.000737603
0.0946021,0.077887,0.00143943,-0.000904455
0.104661,0.077887,0.00132911,-0.00105993
0.118422,0.077887,0.00120208,-0.00120208
0.137919,0.077887,0.00105993,-0.00132911
0.166518,0.077887,0.000904455,-0.00143943
0.212262,0.077887,0.000737603,-0.00153165
0.294361,0.077887,0.000561475,-0.0016046
0.481792,0.077887,0.000378286,-0.00165738
0.223024,0.077887,0.00019034,-0.00168931
0.101282,0.0782285,-1.69927e-17,0.0017
0.19592,0.0782285,0.00019034,0.00168931
0.462486,0.0782285,0.000378286,0.00165738
0.323815,0.0782285,0.000561475,0.0016046
0.231166,0.0782285,0.000737603,0.00153165
0.180315,0.0782285,0.000904455,0.00143943
0.149087,0.0782285,0.00105993,0.00132911
0.127951,0.0782285,0.00120208,0.00120208
0.112934,0.0782285,0.00132911,0.00105993
0.101971,0.0782285,0.00143943,0.000904455
0.0939056,0.0782285,0.00153165,0.000737603
0.0880663,0.0782285,0.0016046,0.000561475
0.0840677,0.0782285,0.00165738,0.000378286
0.0817261,0.0782285,0.00168931,0.00019034
0.0809382,0.0782285,0.0017,-3.77476e-19
0,0.0782285,-0.0017,3.77476e-19
0,0.0782285,-0.00168931,0.00019034
0,0.0782285,-0.00165738,0.000378286
0,0.0782285,-0.0016046,0.000561475
0,0.0782285,-0.00153165,0.000737603
0.000110493,0.0782285,-0.00143943,0.000904455
0.000497233,0.0782285,-0.00132911,0.00105993
0.00169995,0.0782285,-0.00120208,0.00120208
0.00354628,0.0782285,-0.00105993,0.00132911
0.00673183,0.0782285,-0.000904455,0.00143943
0.011512,0.0782285,-0.000737603,0.00153165
0.0191384,0.0782285,-0.000561475,0.0016046
0.0326754,0.0782285,-0.000378286,0.00165738
0.0569297,0.0782285,-0.00019034,0.00168931
0.101283,0.0782285,-1.77477e-17,-0.0017
0.0569302,0.0782285,-0.00019034,-0.00168931
0.0326759,0.0782285,-0.000378286,-0.00165738
0.0191386,0.0782285,-0.000561475,-0.0016046
0.0115121,0.0782285,-0.000737603,-0.00153165
0.006732,0.0782285,-0.000904455,-0.00143943
0.00354643,0.0782285,-0.00105993,-0.00132911
0.00170009,0.0782285,-0.00120208,-0.00120208
0.000497354,0.0782285,-0.00132911,-0.00105993
0.000110523,0.0782285,-0.00143943,-0.000904455
0,0.0782285,-0.00153165,-0.000737603
0,0.0782285,-0.0016046,-0.000561475
0,0.0782285,-0.00165738,-0.000378286
0,0.0782285,-0.00168931,-0.00019034
0.0817262,0.0782285,0.00168931,-0.00019034
0.0840677,0.0782285,0.00165738,-0.000378286
0.0880663,0.0782285,0.0016046,-0.000561475
0.0939056,0.0782285,0.00153165,-0.000737603
0.101971,0.0782285,0.00143943,-0.000904455
0.112934,0.0782285,0.00132911,-0.00105993
0.127951,0.0782285,0.00120208,-0.00120208
0.149087,0.0782285,0.00105993,-0.00132911
0.180316,0.0782285,0.000904455,-0.00143943
0.231166,0.0782285,0.000737603,-0.00153165
0.323815,0.0782285,0.000561475,-0.0016046
0.462486,0.0782285,0.000378286,-0.00165738
0.195921,0.0782285,0.00019034,-0.00168931
0.0926084,0.0785699,-1.70685e-17,0.0017
0.175359,0.0785699,0.00019034,0.00168931
0.405331,0.0785699,0.000378286,0.00165738
0.357622,0.0785699,0.000561475,0.0016046
0.253206,0.0785699,0.000737603,0.00153165
0.196616,0.0785699,0.000904455,0.00143943
0.161678,0.0785699,0.00105993,0.00132911
0.13816,0.0785699,0.00120208,0.00120208
0.121544,0.0785699,0.00132911,0.00105993
0.109693,0.0785699,0.00143943,0.000904455
0.101054,0.0785699,0.00153165,0.000737603
0.0948101,0.0785699,0.0016046,0.000561475
0.090539,0.0785699,0.00165738,0.000378286
0.0880125,0.0785699,0.00168931,0.00019034
0.0871663,0.0785699,0.0017,-3.77476e-19
0,0.0785699,-0.0017,3.77476e-19
0,0.0785699,-0.00168931,0.00019034
0,0.0785699,-0.00165738,0.000378286
0,0.0785699,-0.0016046,0.000561475
0,0.0785699,-0.00153165,0.000737603
0.000217921,0.0785699,-0.00143943,0.000904455
0.000865377,0.0785699,-0.00132911,0.00105993
0.00192042,0.0785699,-0.00120208,0.00120208
0.00363808,0.0785699,-0.00105993,0.00132911
0.00655002,0.0785699,-0.000904455,0.00143943
0.0109541,0.0785699,-0.000737603,0.00153165
0.0180783,0.0785699,-0.000561475,0.0016046
0.0322951,0.0785699,-0.000378286,0.00165738
0.0543745,0.0785699,-0.00019034,0.00168931
0.0926089,0.0785699,-1.78235e-17,-0.0017
0.0543749,0.0785699,-0.00019034,-0.00168931
0.0322955,0.0785699,-0.000378286,-0.00165738
0.0180787,0.0785699,-0.000561475,-0.0016046
0.0109543,0.0785699,-0.000737603,-0.00153165
0.00655016,0.0785699,-0.000904455,-0.00143943
0.00363821,0.0785699,-0.00105993,-0.00132911
0.00192054,0.0785699,-0.00120208,-0.00120208
0.000865485,0.0785699,-0.00132911,-0.00105993
0.000217986,0.0785699,-0.00143943,-0.000904455
0,0.0785699,-0.00153165,-0.000737603
0,0.0785699,-0.0016046,-0.000561475
0,0.0785699,-0.00165738,-0.000378286
0,0.0785699,-0.00168931,-0.00019034
0.0880125,0.0785699,0.00168931,-0.00019034
0.0905391,0.0785699,0.00165738,-0.000378286
0.0948102,0.0785699,0.0016046,-0.000561475
0.101054,0.0785699,0.00153165,-0.000737603
0.109693,0.0785699,0.00143943,-0.000904455
0.121544,0.0785699,0.00132911,-0.00105993
0.13816,0.0785699,0.00120208,-0.00120208
0.161678,0.0785699,0.00105993,-0.00132911
0.196616,0.0785699,0.000904455,-0.00143943
0.253206,0.0785699,0.000737603,-0.00153165
0.357622,0.0785699,0.000561475,-0.0016046
0.405331,0.0785699,0.000378286,-0.00165738
0.17536,0.0785699,0.00019034,-0.00168931
0.0842776,0.0789113,-1.71444e-17,0.0017
0.15753,0.0789113,0.00019034,0.00168931
0.349746,0.0789113,0.000378286,0.00165738
0.394145,0.0789113,0.000561475,0.0016046
0.277325,0.0789113,0.000737603,0.00153165
0.21521,0.0789113,0.000904455,0.00143943
0.176971,0.0789113,0.00105993,0.00132911
0.151457,0.0789113,0.00120208,0.00120208
0.133435,0.0789113,0.00132911,0.00105993
0.120333,0.0789113,0.00143943,0.000904455
0.110721,0.0789113,0.00153165,0.000737603
0.103776,0.0789113,0.0016046,0.000561475
0.0990289,0.0789113,0.00165738,0.000378286
0.0962283,0.0789113,0.00168931,0.00019034
0.0952941,0.0789113,0.0017,-3.77476e-19
0,0.0789113,-0.0017,3.77476e-19
0,0.0789113,-0.00168931,0.00019034
0,0.0789113,-0.00165738,0.000378286
0.000139762,0.0789113,-0.0016046,0.000561475
0.000389948,0.0789113,-0.00153165,0.000737603
0.000718411,0.0789113,-0.00143943,0.000904455
0.00116338,0.0789113,-0.00132911,0.00105993
0.00188347,0.0789113,-0.00120208,0.00120208
0.00346527,0.0789113,-0.00105993,0.00132911
0.00610491,0.0789113,-0.000904455,0.00143943
0.0101334,0.0789113,-0.000737603,0.00153165
0.0184198,0.0789113,-0.000561475,0.0016046
0.0314362,0.0789113,-0.000378286,0.00165738
0.0514273,0.0789113,-0.00019034,0.00168931
0.084278,0.0789113,-1.78993e-17,-0.0017
0.0514278,0.0789113,-0.00019034,-0.00168931
0.0314366,0.0789113,-0.000378286,-0.00165738
0.0184201,0.0789113,-0.000561475,-0.0016046
0.0101336,0.0789113,-0.000737603,-0.00153165
0.00610504,0.0789113,-0.000904455,-0.00143943
0.00346539,0.0789113,-0.00105993,-0.00132911
0.00188357,0.0789113,-0.00120208,-0.00120208
0.00116345,0.0789113,-0.00132911,-0.00105993
0.000718465,0.0789113,-0.00143943,-0.000904455
0.000389992,0.0789113,-0.00153165,-0.000737603
0.000139796,0.0789113,-0.0016046,-0.000561475
0,0.0789113,-0.00165738,-0.000378286
0,0.0789113,-0.00168931,-0.00019034
0.0962283,0.0789113,0.00168931,-0.00019034
0.0990289,0.0789113,0.00165738,-0.000378286
0.103776,0.0789113,0.0016046,-0.000561475
0.110721,0.0789113,0.00153165,-0.000737603
0.120333,0.0789113,0.00143943,-0.000904455
0.133435,0.0789113,0.00132911,-0.00105993
0.151457,0.0789113,0.00120208,-0.00120208
0.176971,0.0789113,0.00105993,-0.00132911
0.21521,0.0789113,0.000904455,-0.00143943
0.277325,0.0789113,0.000737603,-0.00153165
0.394146,0.0789113,0.000561475,-0.0016046
0.349746,0.0789113,0.000378286,-0.00165738
0.157531,0.0789113,0.00019034,-0.00168931
0.0782318,0.0792527,-1.72202e-17,0.0017
0.141779,0.0792527,0.00019034,0.00168931
0.300943,0.0792527,0.000378286,0.00165738
0.433052,0.0792527,0.000561475,0.0016046
0.303577,0.0792527,0.000737603,0.00153165
0.234921,0.0792527,0.000904455,0.00143943
0.192875,0.0792527,0.00105993,0.00132911
0.165104,0.0792527,0.00120208,0.00120208
0.145636,0.0792527,0.00132911,0.00105993
0.13152,0.0792527,0.00143943,0.000904455
0.121182,0.0792527,0.00153165,0.000737603
0.11372,0.0792527,0.0016046,0.000561475
0.108621,0.0792527,0.00165738,0.000378286
0.105615,0.0792527,0.00168931,0.00019034
0.104613,0.0792527,0.0017,-3.77476e-19
0.000155924,0.0792527,-0.0017,3.77476e-19
0.000216049,0.0792527,-0.00168931,0.00019034
0.000354459,0.0792527,-0.00165738,0.000378286
0.000528981,0.0792527,-0.0016046,0.000561475
0.000749598,0.0792527,-0.00153165,0.000737603
0.00103961,0.0792527,-0.00143943,0.000904455
0.00143192,0.0792527,-0.00132911,0.00105993
0.00200173,0.0792527,-0.00120208,0.00120208
0.00308524,0.0792527,-0.00105993,0.00132911
0.00544341,0.0792527,-0.000904455,0.00143943
0.0106134,0.0792527,-0.000737603,0.00153165
0.0182438,0.0792527,-0.000561475,0.0016046
0.0300615,0.0792527,-0.000378286,0.00165738
0.0480228,0.0792527,-0.00019034,0.00168931
0.0782324,0.0792527,-1.79751e-17,-0.0017
0.0480233,0.0792527,-0.00019034,-0.00168931
0.0300619,0.0792527,-0.000378286,-0.00165738
0.0182441,0.0792527,-0.000561475,-0.0016046
0.0106137,0.0792527,-0.000737603,-0.00153165
0.00544352,0.0792527,-0.000904455,-0.00143943
0.00308531,0.0792527,-0.00105993,-0.00132911
0.00200179,0.0792527,-0.00120208,-0.00120208
0.00143197,0.0792527,-0.00132911,-0.00105993
0.00103966,0.0792527,-0.00143943,-0.000904455
0.000749638,0.0792527,-0.00153165,-0.000737603
0.000529011,0.0792527,-0.0016046,-0.000561475
0.000354478,0.0792527,-0.00165738,-0.000378286
0.000216058,0.0792527,-0.00168931,-0.00019034
0.105615,0.0792527,0.00168931,-0.00019034
0.108621,0.0792527,0.00165738,-0.000378286
0.11372,0.0792527,0.0016046,-0.000561475
0.121182,0.0792527,0.00153165,-0.000737603
0.13152,0.0792527,0.00143943,-0.000904455
0.145636,0.0792527,0.00132911,-0.00105993
0.165104,0.0792527,0.00120208,-0.00120208
0.192875,0.0792527,0.00105993,-0.00132911
0.234921,0.0792527,0.000904455,-0.00143943
0.303577,0.0792527,0.000737603,-0.00153165
0.433052,0.0792527,0.000561475,-0.0016046
0.300944,0.0792527,0.000378286,-0.00165738
0.14178,0.0792527,0.00019034,-0.00168931
0.0735163,0.0795941,-1.7296e-17,0.0017
0.127696,0.0795941,0.00019034,0.00168931
0.259291,0.0795941,0.000378286,0.00165738
0.474018,0.0795941,0.000561475,0.0016046
0.331572,0.0795941,0.000737603,0.00153165
0.255858,0.0795941,0.000904455,0.00143943
0.210007,0.0795941,0.00105993,0.00132911
0.179774,0.0795941,0.00120208,0.00120208
0.158564,0.0795941,0.00132911,0.00105993
0.14321,0.0795941,0.00143943,0.000904455
0.131978,0.0795941,0.00153165,0.000737603
0.123877,0.0795941,0.0016046,0.000561475
0.118349,0.0795941,0.00165738,0.000378286
0.115098,0.0795941,0.00168931,0.00019034
0.114017,0.0795941,0.0017,-3.77476e-19
0.000457841,0.0795941,-0.0017,3.77476e-19
0.000507214,0.0795941,-0.00168931,0.00019034
0.000622731,0.0795941,-0.00165738,0.000378286
0.000771021,0.0795941,-0.0016046,0.000561475
0.000959761,0.0795941,-0.00153165,0.000737603
0.00120865,0.0795941,-0.00143943,0.000904455
0.00154586,0.0795941,-0.00132911,0.00105993
0.00209331,0.0795941,-0.00120208,0.00120208
0.00336169,0.0795941,-0.00105993,0.00132911
0.00613389,0.0795941,-0.000904455,0.00143943
0.0107135,0.0795941,-0.000737603,0.00153165
0.0175429,0.0795941,-0.000561475,0.0016046
0.0281787,0.0795941,-0.000378286,0.00165738
0.0441701,0.0795941,-0.00019034,0.00168931
0.073517,0.0795941,-1.80509e-17,-0.0017
0.0441705,0.0795941,-0.00019034,-0.00168931
0.028179,0.0795941,-0.000378286,-0.00165738
0.0175432,0.0795941,-0.000561475,-0.0016046
0.0107138,0.0795941,-0.000737603,-0.00153165
0.0061341,0.0795941,-0.000904455,-0.00143943
0.00336189,0.0795941,-0.00105993,-0.00132911
0.00209336,0.0795941,-0.00120208,-0.00120208
0.00154591,0.0795941,-0.00132911,-0.00105993
0.00120869,0.0795941,-0.00143943,-0.000904455
0.000959794,0.0795941,-0.00153165,-0.000737603
0.000771046,0.0795941,-0.0016046,-0.000561475
0.000622748,0.0795941,-0.00165738,-0.000378286
0.000507221,0.0795941,-0.00168931,-0.00019034
0.115098,0.0795941,0.00168931,-0.00019034
0.118349,0.0795941,0.00165738,-0.000378286
0.123877,0.0795941,0.0016046,-0.000561475
0.131979,0.0795941,0.00153165,-0.000737603
0.14321,0.0795941,0.00143943,-0.000904455
0.158564,0.0795941,0.00132911,-0.00105993
0.179774,0.0795941,0.00120208,-0.00120208
0.210007,0.0795941,0.00105993,-0.00132911
0.255858,0.0795941,0.000904455,-0.00143943
0.331572,0.0795941,0.000737603,-0.00153165
0.474018,0.0795941,0.000561475,-0.0016046
0.259292,0.0795941,0.000378286,-0.00165738
0.127696,0.0795941,0.00019034,-0.00168931
0.0685739,0.0799356,-1.73718e-17,0.0017
0.114878,0.0799356,0.00019034,0.00168931
0.224473,0.0799356,0.000378286,0.00165738
0.482871,0.0799356,0.000561475,0.0016046
0.361477,0.0799356,0.000737603,0.00153165
0.277891,0.0799356,0.000904455,0.00143943
0.227922,0.0799356,0.00105993,0.00132911
0.195003,0.0799356,0.00120208,0.00120208
0.172088,0.0799356,0.00132911,0.00105993
0.155539,0.0799356,0.00143943,0.000904455
0.143452,0.0799356,0.00153165,0.000737603
0.134741,0.0799356,0.0016046,0.000561475
0.128799,0.0799356,0.00165738,0.000378286
0.125306,0.0799356,0.00168931,0.00019034
0.124147,0.0799356,0.0017,-3.77476e-19
0.000635723,0.0799356,-0.0017,3.77476e-19
0.000675444,0.0799356,-0.00168931,0.00019034
0.000769304,0.0799356,-0.00165738,0.000378286
0.000891006,0.0799356,-0.0016046,0.000561475
0.00104673,0.0799356,-0.00153165,0.000737603
0.00125338,0.0799356,-0.00143943,0.000904455
0.00175217,0.0799356,-0.00132911,0.00105993
0.00274867,0.0799356,-0.00120208,0.00120208
0.00429975,0.0799356,-0.00105993,0.00132911
0.00685142,0.0799356,-0.000904455,0.00143943
0.0107766,0.0799356,-0.000737603,0.00153165
0.0164124,0.0799356,-0.000561475,0.0016046
0.0258359,0.0799356,-0.000378286,0.00165738
0.0423278,0.0799356,-0.00019034,0.00168931
0.0685745,0.0799356,-1.81267e-17,-0.0017
0.0423283,0.0799356,-0.00019034,-0.00168931
0.0258362,0.0799356,-0.000378286,-0.00165738
0.0164127,0.0799356,-0.000561475,-0.0016046
0.0107769,0.0799356,-0.000737603,-0.00153165
0.00685161,0.0799356,-0.000904455,-0.00143943
0.00429992,0.0799356,-0.00105993,-0.00132911
0.00274882,0.0799356,-0.00120208,-0.00120208
0.0017523,0.0799356,-0.00132911,-0.00105993
0.00125342,0.0799356,-0.00143943,-0.000904455
0.00104676,0.0799356,-0.00153165,-0.000737603
0.000891026,0.0799356,-0.0016046,-0.000561475
0.000769317,0.0799356,-0.00165738,-0.000378286
0.00067545,0.0799356,-0.00168931,-0.00019034
0.125306,0.0799356,0.00168931,-0.00019034
0.128799,0.0799356,0.00165738,-0.000378286
0.134741,0.0799356,0.0016046,-0.000561475
0.143452,0.0799356,0.00153165,-0.000737603
0.155539,0.0799356,0.00143943,-0.000904455
0.172088,0.0799356,0.00132911,-0.00105993
0.195003,0.0799356,0.00120208,-0.00120208
0.227922,0.0799356,0.00105993,-0.00132911
0.277891,0.0799356,0.000904455,-0.00143943
0.361477,0.0799356,0.000737603,-0.00153165
0.482871,0.0799356,0.000561475,-0.0016046
0.224473,0.0799356,0.000378286,-0.00165738
0.114878,0.0799356,0.00019034,-0.00168931
0.0631283,0.080277,-1.74476e-17,0.0017
0.103466,0.080277,0.00019034,0.00168931
0.195296,0.080277,0.000378286,0.00165738
0.438043,0.080277,0.000561475,0.0016046
0.393558,0.080277,0.000737603,0.00153165
0.301953,0.080277,0.000904455,0.00143943
0.246927,0.080277,0.00105993,0.00132911
0.210885,0.080277,0.00120208,0.00120208
0.186005,0.080277,0.00132911,0.00105993
0.168155,0.080277,0.00143943,0.000904455
0.155141,0.080277,0.00153165,0.000737603
0.14577,0.080277,0.0016046,0.000561475
0.13938,0.080277,0.00165738,0.000378286
0.135627,0.080277,0.00168931,0.00019034
0.134382,0.080277,0.0017,-3.77476e-19
0.000710612,0.080277,-0.0017,3.77476e-19
0.000741782,0.080277,-0.00168931,0.00019034
0.000936086,0.080277,-0.00165738,0.000378286
0.00121309,0.080277,-0.0016046,0.000561475
0.00153638,0.080277,-0.00153165,0.000737603
0.00194548,0.080277,-0.00143943,0.000904455
0.00249593,0.080277,-0.00132911,0.00105993
0.00342345,0.080277,-0.00120208,0.00120208
0.0048225,0.080277,-0.00105993,0.00132911
0.00716653,0.080277,-0.000904455,0.00143943
0.0107318,0.080277,-0.000737603,0.00153165
0.0157007,0.080277,-0.000561475,0.0016046
0.0246092,0.080277,-0.000378286,0.00165738
0.0400035,0.080277,-0.00019034,0.00168931
0.0631289,0.080277,-1.82025e-17,-0.0017
0.040004,0.080277,-0.00019034,-0.00168931
0.0246097,0.080277,-0.000378286,-0.00165738
0.0157009,0.080277,-0.000561475,-0.0016046
0.010732,0.080277,-0.000737603,-0.00153165
0.00716669,0.080277,-0.000904455,-0.00143943
0.00482265,0.080277,-0.00105993,-0.00132911
0.00342358,0.080277,-0.00120208,-0.00120208
0.00249604,0.080277,-0.00132911,-0.00105993
0.00194557,0.080277,-0.00143943,-0.000904455
0.00153645,0.080277,-0.00153165,-0.000737603
0.00121315,0.080277,-0.0016046,-0.000561475
0.000936124,0.080277,-0.00165738,-0.000378286
0.000741787,0.080277,-0.00168931,-0.00019034
0.135627,0.080277,0.00168931,-0.00019034
0.13938,0.080277,0.00165738,-0.000378286
0.14577,0.080277,0.0016046,-0.000561475
0.155141,0.080277,0.00153165,-0.000737603
0.168155,0.080277,0.00143943,-0.000904455
0.186005,0.080277,0.00132911,-0.00105993
0.210886,0.080277,0.00120208,-0.00120208
0.246927,0.080277,0.00105993,-0.00132911
0.301953,0.080277,0.000904455,-0.00143943
0.393558,0.080277,0.000737603,-0.00153165
0.438043,0.080277,0.000561475,-0.0016046
0.195297,0.080277,0.000378286,-0.00165738
0.103466,0.080277,0.00019034,-0.00168931
0.0572872,0.0806184,-1.75234e-17,0.0017
0.0939971,0.0806184,0.00019034,0.00168931
0.171254,0.0806184,0.000378286,0.00165738
0.392105,0.0806184,0.000561475,0.0016046
0.427591,0.0806184,0.000737603,0.00153165
0.32765,0.0806184,0.000904455,0.00143943
0.267222,0.0806184,0.00105993,0.00132911
0.228019,0.0806184,0.00120208,0.00120208
0.200954,0.0806184,0.00132911,0.00105993
0.18154,0.0806184,0.00143943,0.000904455
0.167396,0.0806184,0.00153165,0.000737603
0.157217,0.0806184,0.0016046,0.000561475
0.150281,0.0806184,0.00165738,0.000378286
0.146216,0.0806184,0.00168931,0.00019034
0.144871,0.0806184,0.0017,-3.77476e-19
0.00128569,0.0806184,-0.0017,3.77476e-19
0.00137754,0.0806184,-0.00168931,0.00019034
0.00157868,0.0806184,-0.00165738,0.000378286
0.00181046,0.0806184,-0.0016046,0.000561475
0.00208303,0.0806184,-0.00153165,0.000737603
0.00243029,0.0806184,-0.00143943,0.000904455
0.00290007,0.0806184,-0.00132911,0.00105993
0.00374802,0.0806184,-0.00120208,0.00120208
0.00498867,0.0806184,-0.00105993,0.00132911
0.00712085,0.0806184,-0.000904455,0.00143943
0.0103309,0.0806184,-0.000737603,0.00153165
0.0156978,0.0806184,-0.000561475,0.0016046
0.0246098,0.0806184,-0.000378286,0.00165738
0.0379239,0.0806184,-0.00019034,0.00168931
0.0572878,0.0806184,-1.82784e-17,-0.0017
0.0379244,0.0806184,-0.00019034,-0.00168931
0.0246103,0.0806184,-0.000378286,-0.00165738
0.0156982,0.0806184,-0.000561475,-0.0016046
0.0103311,0.0806184,-0.000737603,-0.00153165
0.00712101,0.0806184,-0.000904455,-0.00143943
0.0049888,0.0806184,-0.00105993,-0.00132911
0.00374814,0.0806184,-0.00120208,-0.00120208
0.00290017,0.0806184,-0.00132911,-0.00105993
0.00243037,0.0806184,-0.00143943,-0.000904455
0.0020831,0.0806184,-0.00153165,-0.000737603
0.00181051,0.0806184,-0.0016046,-0.000561475
0.00157871,0.0806184,-0.00165738,-0.000378286
0.00137755,0.0806184,-0.00168931,-0.00019034
0.146216,0.0806184,0.00168931,-0.00019034
0.150281,0.0806184,0.00165738,-0.000378286
0.157217,0.0806184,0.0016046,-0.000561475
0.167396,0.0806184,0.00153165,-0.000737603
0.181541,0.0806184,0.00143943,-0.000904455
0.200955,0.0806184,0.00132911,-0.00105993
0.228019,0.0806184,0.00120208,-0.00120208
0.267222,0.0806184,0.00105993,-0.00132911
0.32765,0.0806184,0.000904455,-0.00143943
0.427591,0.0806184,0.000737603,-0.00153165
0.392105,0.0806184,0.000561475,-0.0016046
0.171255,0.0806184,0.000378286,-0.00165738
0.0939979,0.0806184,0.00019034,-0.00168931
0.0530455,0.0809598,-1.75992e-17,0.0017
0.0858928,0.0809598,0.00019034,0.00168931
0.150374,0.0809598,0.000378286,0.00165738
0.345573,0.0809598,0.000561475,0.0016046
0.463808,0.0809598,0.000737603,0.00153165
0.355118,0.0809598,0.000904455,0.00143943
0.288936,0.0809598,0.00105993,0.00132911
0.245902,0.0809598,0.00120208,0.00120208
0.216479,0.0809598,0.00132911,0.00105993
0.195519,0.0809598,0.00143943,0.000904455
0.180275,0.0809598,0.00153165,0.000737603
0.169314,0.0809598,0.0016046,0.000561475
0.161847,0.0809598,0.00165738,0.000378286
0.157474,0.0809598,0.00168931,0.00019034
0.156029,0.0809598,0.0017,-3.77476e-19
0.00170313,0.0809598,-0.0017,3.77476e-19
0.0017764,0.0809598,-0.00168931,0.00019034
0.00193745,0.0809598,-0.00165738,0.000378286
0.00212391,0.0809598,-0.0016046,0.000561475
0.0023446,0.0809598,-0.00153165,0.000737603
0.00262906,0.0809598,-0.00143943,0.000904455
0.00301858,0.0809598,-0.00132911,0.00105993
0.00378402,0.0809598,-0.00120208,0.00120208
0.00486963,0.0809598,-0.00105993,0.00132911
0.00679259,0.0809598,-0.000904455,0.00143943
0.0106557,0.0809598,-0.000737603,0.00153165
0.016043,0.0809598,-0.000561475,0.0016046
0.0239258,0.0809598,-0.000378286,0.00165738
0.0357222,0.0809598,-0.00019034,0.00168931
0.0530461,0.0809598,-1.83542e-17,-0.0017
0.0357226,0.0809598,-0.00019034,-0.00168931
0.0239263,0.0809598,-0.000378286,-0.00165738
0.0160434,0.0809598,-0.000561475,-0.0016046
0.010656,0.0809598,-0.000737603,-0.00153165
0.00679273,0.0809598,-0.000904455,-0.00143943
0.00486975,0.0809598,-0.00105993,-0.00132911
0.00378412,0.0809598,-0.00120208,-0.00120208
0.00301867,0.0809598,-0.00132911,-0.00105993
0.00262914,0.0809598,-0.00143943,-0.000904455
0.00234466,0.0809598,-0.00153165,-0.000737603
0.00212395,0.0809598,-0.0016046,-0.000561475
0.00193748,0.0809598,-0.00165738,-0.000378286
0.00177641,0.0809598,-0.00168931,-0.00019034
0.157474,0.0809598,0.00168931,-0.00019034
0.161847,0.0809598,0.00165738,-0.000378286
0.169314,0.0809598,0.0016046,-0.000561475
0.180275,0.0809598,0.00153165,-0.000737603
0.195519,0.0809598,0.00143943,-0.000904455
0.216479,0.0809598,0.00132911,-0.00105993
0.245902,0.0809598,0.00120208,-0.00120208
0.288936,0.0809598,0.00105993,-0.00132911
0.355118,0.0809598,0.000904455,-0.00143943
0.463808,0.0809598,0.000737603,-0.00153165
0.345573,0.0809598,0.000561475,-0.0016046
0.150374,0.0809598,0.000378286,-0.00165738
0.0858936,0.0809598,0.00019034,-0.00168931
0.0500206,0.0813013,-1.7675e-17,0.0017
0.078522,0.0813013,0.00019034,0.00168931
0.134411,0.0813013,0.000378286,0.00165738
0.301406,0.0813013,0.000561475,0.0016046
0.497846,0.0813013,0.000737603,0.00153165
0.38478,0.0813013,0.000904455,0.00143943
0.312634,0.0813013,0.00105993,0.00132911
0.265277,0.0813013,0.00120208,0.00120208
0.233027,0.0813013,0.00132911,0.00105993
0.210152,0.0813013,0.00143943,0.000904455
0.193574,0.0813013,0.00153165,0.000737603
0.181754,0.0813013,0.0016046,0.000561475
0.173709,0.0813013,0.00165738,0.000378286
0.169,0.0813013,0.00168931,0.00019034
0.167446,0.0813013,0.0017,-3.77476e-19
0.00187157,0.0813013,-0.0017,3.77476e-19
0.00192873,0.0813013,-0.00168931,0.00019034
0.00205389,0.0813013,-0.00165738,0.000378286
0.00219787,0.0813013,-0.0016046,0.000561475
0.00236908,0.0813013,-0.00153165,0.000737603
0.00259377,0.0813013,-0.00143943,0.000904455
0.00291353,0.0813013,-0.00132911,0.00105993
0.00375344,0.0813013,-0.00120208,0.00120208
0.00514447,0.0813013,-0.00105993,0.00132911
0.00750824,0.0813013,-0.000904455,0.00143943
0.010982,0.0813013,-0.000737603,0.00153165
0.0157674,0.0813013,-0.000561475,0.0016046
0.0226235,0.0813013,-0.000378286,0.00165738
0.0329102,0.0813013,-0.00019034,0.00168931
0.0500213,0.0813013,-1.843e-17,-0.0017
0.0329106,0.0813013,-0.00019034,-0.00168931
0.0226239,0.0813013,-0.000378286,-0.00165738
0.0157678,0.0813013,-0.000561475,-0.0016046
0.0109823,0.0813013,-0.000737603,-0.00153165
0.0075085,0.0813013,-0.000904455,-0.00143943
0.00514469,0.0813013,-0.00105993,-0.00132911
0.00375363,0.0813013,-0.00120208,-0.00120208
0.0029136,0.0813013,-0.00132911,-0.00105993
0.00259384,0.0813013,-0.00143943,-0.000904455
0.00236913,0.0813013,-0.00153165,-0.000737603
0.0021979,0.0813013,-0.0016046,-0.000561475
0.00205391,0.0813013,-0.00165738,-0.000378286
0.00192874,0.0813013,-0.00168931,-0.00019034
0.169,0.0813013,0.00168931,-0.00019034
0.173709,0.0813013,0.00165738,-0.000378286
0.181755,0.0813013,0.0016046,-0.000561475
0.193574,0.0813013,0.00153165,-0.000737603
0.210152,0.0813013,0.00143943,-0.000904455
0.233027,0.0813013,0.00132911,-0.00105993
0.265278,0.0813013,0.00120208,-0.00120208
0.312634,0.0813013,0.00105993,-0.00132911
0.38478,0.0813013,0.000904455,-0.00143943
0.497845,0.0813013,0.000737603,-0.00153165
0.301406,0.0813013,0.000561475,-0.0016046
0.134412,0.0813013,0.000378286,-0.00165738
0.0785228,0.0813013,0.00019034,-0.00168931
0.0462469,0.0816427,-1.77508e-17,0.0017
0.0706664,0.0816427,0.00019034,0.00168931
0.119419,0.0816427,0.000378286,0.00165738
0.258938,0.0816427,0.000561475,0.0016046
0.458069,0.0816427,0.000737603,0.00153165
0.417159,0.0816427,0.000904455,0.00143943
0.339205,0.0816427,0.00105993,0.00132911
0.2877,0.0816427,0.00120208,0.00120208
0.252224,0.0816427,0.00132911,0.00105993
0.22719,0.0816427,0.00143943,0.000904455
0.209187,0.0816427,0.00153165,0.000737603
0.196241,0.0816427,0.0016046,0.000561475
0.187419,0.0816427,0.00165738,0.000378286
0.182265,0.0816427,0.00168931,0.00019034
0.180569,0.0816427,0.0017,-3.77476e-19
0.00183523,0.0816427,-0.0017,3.77476e-19
0.00187879,0.0816427,-0.00168931,0.00019034
0.00213684,0.0816427,-0.00165738,0.000378286
0.00240508,0.0816427,-0.0016046,0.000561475
0.00268957,0.0816427,-0.00153165,0.000737603
0.0030328,0.0816427,-0.00143943,0.000904455
0.00351937,0.0816427,-0.00132911,0.00105993
0.00439368,0.0816427,-0.00120208,0.00120208
0.00560018,0.0816427,-0.00105993,0.00132911
0.00769835,0.0816427,-0.000904455,0.00143943
0.0107683,0.0816427,-0.000737603,0.00153165
0.0149496,0.0816427,-0.000561475,0.0016046
0.0207895,0.0816427,-0.000378286,0.00165738
0.0309172,0.0816427,-0.00019034,0.00168931
0.0462475,0.0816427,-1.85058e-17,-0.0017
0.0309177,0.0816427,-0.00019034,-0.00168931
0.0207899,0.0816427,-0.000378286,-0.00165738
0.0149499,0.0816427,-0.000561475,-0.0016046
0.0107686,0.0816427,-0.000737603,-0.00153165
0.00769858,0.0816427,-0.000904455,-0.00143943
0.00560038,0.0816427,-0.00105993,-0.00132911
0.00439385,0.0816427,-0.00120208,-0.00120208
0.00351951,0.0816427,-0.00132911,-0.00105993
0.00303292,0.0816427,-0.00143943,-0.000904455
0.00268966,0.0816427,-0.00153165,-0.000737603
0.00240515,0.0816427,-0.0016046,-0.000561475
0.00213689,0.0816427,-0.00165738,-0.000378286
0.0018788,0.0816427,-0.00168931,-0.00019034
0.182265,0.0816427,0.00168931,-0.00019034
0.18742,0.0816427,0.00165738,-0.000378286
0.196241,0.0816427,0.0016046,-0.000561475
0.209187,0.0816427,0.00153165,-0.000737603
0.22719,0.0816427,0.00143943,-0.000904455
0.252224,0.0816427,0.00132911,-0.00105993
0.2877,0.0816427,0.00120208,-0.00120208
0.339205,0.0816427,0.00105993,-0.00132911
0.417159,0.0816427,0.000904455,-0.00143943
0.458069,0.0816427,0.000737603,-0.00153165
0.258939,0.0816427,0.000561475,-0.0016046
0.11942,0.0816427,0.000378286,-0.00165738
0.0706671,0.0816427,0.00019034,-0.00168931
0.0417496,0.0819841,-1.78267e-17,0.0017
0.0625031,0.0819841,0.00019034,0.00168931
0.104928,0.0819841,0.000378286,0.00165738
0.219219,0.0819841,0.000561475,0.0016046
0.417247,0.0819841,0.000737603,0.00153165
0.451548,0.0819841,0.000904455,0.00143943
0.367769,0.0819841,0.00105993,0.00132911
0.312062,0.0819841,0.00120208,0.00120208
0.273475,0.0819841,0.00132911,0.00105993
0.245945,0.0819841,0.00143943,0.000904455
0.226212,0.0819841,0.00153165,0.000737603
0.212185,0.0819841,0.0016046,0.000561475
0.202662,0.0819841,0.00165738,0.000378286
0.197097,0.0819841,0.00168931,0.00019034
0.195267,0.0819841,0.0017,-3.77476e-19
0.00250382,0.0819841,-0.0017,3.77476e-19
0.00260071,0.0819841,-0.00168931,0.00019034
0.00280315,0.0819841,-0.00165738,0.000378286
0.00301293,0.0819841,-0.0016046,0.000561475
0.00322993,0.0819841,-0.00153165,0.000737603
0.00347857,0.0819841,-0.00143943,0.000904455
0.00383856,0.0819841,-0.00132911,0.00105993
0.00457854,0.0819841,-0.00120208,0.00120208
0.0056045,0.0819841,-0.00105993,0.00132911
0.00742536,0.0819841,-0.000904455,0.00143943
0.0100929,0.0819841,-0.000737603,0.00153165
0.0136864,0.0819841,-0.000561475,0.0016046
0.0192331,0.0819841,-0.000378286,0.00165738
0.0287744,0.0819841,-0.00019034,0.00168931
0.0417502,0.0819841,-1.85816e-17,-0.0017
0.028775,0.0819841,-0.00019034,-0.00168931
0.0192335,0.0819841,-0.000378286,-0.00165738
0.0136867,0.0819841,-0.000561475,-0.0016046
0.0100932,0.0819841,-0.000737603,-0.00153165
0.00742557,0.0819841,-0.000904455,-0.00143943
0.00560468,0.0819841,-0.00105993,-0.00132911
0.00457869,0.0819841,-0.00120208,-0.00120208
0.00383866,0.0819841,-0.00132911,-0.00105993
0.00347865,0.0819841,-0.00143943,-0.000904455
0.00323,0.0819841,-0.00153165,-0.000737603
0.00301299,0.0819841,-0.0016046,-0.000561475
0.00280318,0.0819841,-0.00165738,-0.000378286
0.00260073,0.0819841,-0.00168931,-0.00019034
0.197097,0.0819841,0.00168931,-0.00019034
0.202662,0.0819841,0.00165738,-0.000378286
0.212185,0.0819841,0.0016046,-0.000561475
0.226212,0.0819841,0.00153165,-0.000737603
0.245945,0.0819841,0.00143943,-0.000904455
0.273475,0.0819841,0.00132911,-0.00105993
0.312063,0.0819841,0.00120208,-0.00120208
0.367769,0.0819841,0.00105993,-0.00132911
0.451548,0.0819841,0.000904455,-0.00143943
0.417247,0.0819841,0.000737603,-0.00153165
0.21922,0.0819841,0.000561475,-0.0016046
0.104929,0.0819841,0.000378286,-0.00165738
0.0625039,0.0819841,0.00019034,-0.00168931
0.0366115,0.0823255,-1.79025e-17,0.0017
0.0553732,0.0823255,0.00019034,0.00168931
0.0907328,0.0823255,0.000378286,0.00165738
0.182926,0.0823255,0.000561475,0.0016046
0.375472,0.0823255,0.000737603,0.00153165
0.487939,0.0823255,0.000904455,0.00143943
0.398516,0.0823255,0.00105993,0.00132911
0.338399,0.0823255,0.00120208,0.00120208
0.296543,0.0823255,0.00132911,0.00105993
0.266465,0.0823255,0.00143943,0.000904455
0.244829,0.0823255,0.00153165,0.000737603
0.229458,0.0823255,0.0016046,0.000561475
0.219071,0.0823255,0.00165738,0.000378286
0.213001,0.0823255,0.00168931,0.00019034
0.211006,0.0823255,0.0017,-3.77476e-19
0.00312291,0.0823255,-0.0017,3.77476e-19
0.00319892,0.0823255,-0.00168931,0.00019034
0.00335686,0.0823255,-0.00165738,0.000378286
0.00351812,0.0823255,-0.0016046,0.000561475
0.00368231,0.0823255,-0.00153165,0.000737603
0.00386971,0.0823255,-0.00143943,0.000904455
0.00416786,0.0823255,-0.00132911,0.00105993
0.00471068,0.0823255,-0.00120208,0.00120208
0.00543254,0.0823255,-0.00105993,0.00132911
0.00678744,0.0823255,-0.000904455,0.00143943
0.00904802,0.0823255,-0.000737603,0.00153165
0.0126379,0.0823255,-0.000561475,0.0016046
0.0180229,0.0823255,-0.000378286,0.00165738
0.0259026,0.0823255,-0.00019034,0.00168931
0.0366121,0.0823255,-1.86574e-17,-0.0017
0.0259031,0.0823255,-0.00019034,-0.00168931
0.0180233,0.0823255,-0.000378286,-0.00165738
0.0126383,0.0823255,-0.000561475,-0.0016046
0.00904822,0.0823255,-0.000737603,-0.00153165
0.0067876,0.0823255,-0.000904455,-0.00143943
0.00543268,0.0823255,-0.00105993,-0.00132911
0.0047108,0.0823255,-0.00120208,-0.00120208
0.00416795,0.0823255,-0.00132911,-0.00105993
0.00386978,0.0823255,-0.00143943,-0.000904455
0.00368237,0.0823255,-0.00153165,-0.000737603
0.00351817,0.0823255,-0.0016046,-0.000561475
0.00335689,0.0823255,-0.00165738,-0.000378286
0.00319893,0.0823255,-0.00168931,-0.00019034
0.213001,0.0823255,0.00168931,-0.00019034
0.219071,0.0823255,0.00165738,-0.000378286
0.229458,0.0823255,0.0016046,-0.000561475
0.244829,0.0823255,0.00153165,-0.000737603
0.266465,0.0823255,0.00143943,-0.000904455
0.296543,0.0823255,0.00132911,-0.00105993
0.338399,0.0823255,0.00120208,-0.00120208
0.398516,0.0823255,0.00105993,-0.00132911
0.487939,0.0823255,0.000904455,-0.00143943
0.375472,0.0823255,0.000737603,-0.00153165
0.182926,0.0823255,0.000561475,-0.0016046
0.0907335,0.0823255,0.000378286,-0.00165738
0.0553739,0.0823255,0.00019034,-0.00168931
0.0309483,0.0826669,-1.79783e-17,0.0017
0.0476814,0.0826669,0.00019034,0.00168931
0.0776471,0.0826669,0.000378286,0.00165738
0.15081,0.0826669,0.000561475,0.0016046
0.332632,0.0826669,0.000737603,0.00153165
0.473695,0.0826669,0.000904455,0.00143943
0.431379,0.0826669,0.00105993,0.00132911
0.366756,0.0826669,0.00120208,0.00120208
0.321407,0.0826669,0.00132911,0.00105993
0.288873,0.0826669,0.00143943,0.000904455
0.265194,0.0826669,0.00153165,0.000737603
0.248118,0.0826669,0.0016046,0.000561475
0.236592,0.0826669,0.00165738,0.000378286
0.229905,0.0826669,0.00168931,0.00019034
0.22772,0.0826669,0.0017,-3.77476e-19
0.00345273,0.0826669,-0.0017,3.77476e-19
0.00351013,0.0826669,-0.00168931,0.00019034
0.00362669,0.0826669,-0.00165738,0.000378286
0.00374012,0.0826669,-0.0016046,0.000561475
0.003851,0.0826669,-0.00153165,0.000737603
0.00397673,0.0826669,-0.00143943,0.000904455
0.00421222,0.0826669,-0.00132911,0.00105993
0.00465149,0.0826669,-0.00120208,0.00120208
0.0052328,0.0826669,-0.00105993,0.00132911
0.00653368,0.0826669,-0.000904455,0.00143943
0.00881437,0.0826669,-0.000737603,0.00153165
0.011851,0.0826669,-0.000561475,0.0016046
0.0161572,0.0826669,-0.000378286,0.00165738
0.0224021,0.0826669,-0.00019034,0.00168931
0.0309488,0.0826669,-1.87332e-17,-0.0017
0.0224026,0.0826669,-0.00019034,-0.00168931
0.0161576,0.0826669,-0.000378286,-0.00165738
0.0118514,0.0826669,-0.000561475,-0.0016046
0.00881467,0.0826669,-0.000737603,-0.00153165
0.00653393,0.0826669,-0.000904455,-0.00143943
0.00523294,0.0826669,-0.00105993,-0.00132911
0.0046516,0.0826669,-0.00120208,-0.00120208
0.0042123,0.0826669,-0.00132911,-0.00105993
0.00397679,0.0826669,-0.00143943,-0.000904455
0.00385105,0.0826669,-0.00153165,-0.000737603
0.00374016,0.0826669,-0.0016046,-0.000561475
0.00362672,0.0826669,-0.00165738,-0.000378286
0.00351014,0.0826669,-0.00168931,-0.00019034
0.229905,0.0826669,0.00168931,-0.00019034
0.236592,0.0826669,0.00165738,-0.000378286
0.248118,0.0826669,0.0016046,-0.000561475
0.265194,0.0826669,0.00153165,-0.000737603
0.288874,0.0826669,0.00143943,-0.000904455
0.321407,0.0826669,0.00132911,-0.00105993
0.366756,0.0826669,0.00120208,-0.00120208
0.431379,0.0826669,0.00105993,-0.00132911
0.473695,0.0826669,0.000904455,-0.00143943
0.332632,0.0826669,0.000737603,-0.00153165
0.150811,0.0826669,0.000561475,-0.0016046
0.0776479,0.0826669,0.000378286,-0.00165738
0.0476822,0.0826669,0.00019034,-0.00168931
0.0259764,0.0830084,-1.80541e-17,0.0017
0.0394611,0.0830084,0.00019034,0.00168931
0.0646413,0.0830084,0.000378286,0.00165738
0.122559,0.0830084,0.000561475,0.0016046
0.289469,0.0830084,0.000737603,0.00153165
0.433609,0.0830084,0.000904455,0.00143943
0.466322,0.0830084,0.00105993,0.00132911
0.397153,0.0830084,0.00120208,0.00120208
0.348224,0.0830084,0.00132911,0.00105993
0.312887,0.0830084,0.00143943,0.000904455
0.28707,0.0830084,0.00153165,0.000737603
0.268496,0.0830084,0.0016046,0.000561475
0.255851,0.0830084,0.00165738,0.000378286
0.248454,0.0830084,0.00168931,0.00019034
0.246025,0.0830084,0.0017,-3.77476e-19
0.00353861,0.0830084,-0.0017,3.77476e-19
0.00358,0.0830084,-0.00168931,0.00019034
0.00365983,0.0830084,-0.00165738,0.000378286
0.00372903,0.0830084,-0.0016046,0.000561475
0.00387116,0.0830084,-0.00153165,0.000737603
0.00405793,0.0830084,-0.00143943,0.000904455
0.00436818,0.0830084,-0.00132911,0.00105993
0.00488184,0.0830084,-0.00120208,0.00120208
0.00556696,0.0830084,-0.00105993,0.00132911
0.00680732,0.0830084,-0.000904455,0.00143943
0.00868013,0.0830084,-0.000737603,0.00153165
0.011122,0.0830084,-0.000561475,0.0016046
0.0143267,0.0830084,-0.000378286,0.00165738
0.0187728,0.0830084,-0.00019034,0.00168931
0.0259771,0.0830084,-1.8809e-17,-0.0017
0.0187732,0.0830084,-0.00019034,-0.00168931
0.0143271,0.0830084,-0.000378286,-0.00165738
0.0111224,0.0830084,-0.000561475,-0.0016046
0.00868041,0.0830084,-0.000737603,-0.00153165
0.00680756,0.0830084,-0.000904455,-0.00143943
0.00556717,0.0830084,-0.00105993,-0.00132911
0.00488202,0.0830084,-0.00120208,-0.00120208
0.00436832,0.0830084,-0.00132911,-0.00105993
0.00405804,0.0830084,-0.00143943,-0.000904455
0.00387125,0.0830084,-0.00153165,-0.000737603
0.00372906,0.0830084,-0.0016046,-0.000561475
0.00365985,0.0830084,-0.00165738,-0.000378286
0.00358001,0.0830084,-0.00168931,-0.00019034
0.248454,0.0830084,0.00168931,-0.00019034
0.255851,0.0830084,0.00165738,-0.000378286
0.268496,0.0830084,0.0016046,-0.000561475
0.28707,0.0830084,0.00153165,-0.000737603
0.312888,0.0830084,0.00143943,-0.000904455
0.348224,0.0830084,0.00132911,-0.00105993
0.397153,0.0830084,0.00120208,-0.00120208
0.466322,0.0830084,0.00105993,-0.00132911
0.433609,0.0830084,0.000904455,-0.00143943
0.289469,0.0830084,0.000737603,-0.00153165
0.12256,0.0830084,0.000561475,-0.0016046
0.0646421,0.0830084,0.000378286,-0.00165738
0.0394618,0.0830084,0.00019034,-0.00168931
0.0217332,0.0833498,-1.81299e-17,0.0017
0.0315592,0.0833498,0.00019034,0.00168931
0.0518399,0.0833498,0.000378286,0.00165738
0.097217,0.0833498,0.000561475,0.0016046
0.246775,0.0833498,0.000737603,0.00153165
0.392147,0.0833498,0.000904455,0.00143943
0.496689,0.0833498,0.00105993,0.00132911
0.42959,0.0833498,0.00120208,0.00120208
0.376892,0.0833498,0.00132911,0.00105993
0.338546,0.0833498,0.00143943,0.000904455
0.310562,0.0833498,0.00153165,0.000737603
0.290313,0.0833498,0.0016046,0.000561475
0.276432,0.0833498,0.00165738,0.000378286
0.268309,0.0833498,0.00168931,0.00019034
0.265654,0.0833498,0.0017,-3.77476e-19
0.00391013,0.0833498,-0.0017,3.77476e-19
0.00400258,0.0833498,-0.00168931,0.00019034
0.00417922,0.0833498,-0.00165738,0.000378286
0.00432775,0.0833498,-0.0016046,0.000561475
0.00444629,0.0833498,-0.00153165,0.000737603
0.00455748,0.0833498,-0.00143943,0.000904455
0.00478415,0.0833498,-0.00132911,0.00105993
0.00516579,0.0833498,-0.00120208,0.00120208
0.00566687,0.0833498,-0.00105993,0.00132911
0.00661099,0.0833498,-0.000904455,0.00143943
0.00808391,0.0833498,-0.000737603,0.00153165
0.00994982,0.0833498,-0.000561475,0.0016046
0.0123218,0.0833498,-0.000378286,0.00165738
0.0155524,0.0833498,-0.00019034,0.00168931
0.0217339,0.0833498,-1.88848e-17,-0.0017
0.015553,0.0833498,-0.00019034,-0.00168931
0.0123222,0.0833498,-0.000378286,-0.00165738
0.00995013,0.0833498,-0.000561475,-0.0016046
0.00808418,0.0833498,-0.000737603,-0.00153165
0.00661122,0.0833498,-0.000904455,-0.00143943
0.00566706,0.0833498,-0.00105993,-0.00132911
0.00516595,0.0833498,-0.00120208,-0.00120208
0.00478428,0.0833498,-0.00132911,-0.00105993
0.00455758,0.0833498,-0.00143943,-0.000904455
0.00444637,0.0833498,-0.00153165,-0.000737603
0.00432781,0.0833498,-0.0016046,-0.000561475
0.00417926,0.0833498,-0.00165738,-0.000378286
0.0040026,0.0833498,-0.00168931,-0.00019034
0.268309,0.0833498,0.00168931,-0.00019034
0.276433,0.0833498,0.00165738,-0.000378286
0.290313,0.0833498,0.0016046,-0.000561475
0.310562,0.0833498,0.00153165,-0.000737603
0.338546,0.0833498,0.00143943,-0.000904455
0.376892,0.0833498,0.00132911,-0.00105993
0.429591,0.0833498,0.00120208,-0.00120208
0.496689,0.0833498,0.00105993,-0.00132911
0.392147,0.0833498,0.000904455,-0.00143943
0.246775,0.0833498,0.000737603,-0.00153165
0.0972178,0.0833498,0.000561475,-0.0016046
0.0518407,0.0833498,0.000378286,-0.00165738
0.0315599,0.0833498,0.00019034,-0.00168931
0.016959,0.0836912,-1.82057e-17,0.0017
0.0239619,0.0836912,0.00019034,0.00168931
0.0404415,0.0836912,0.000378286,0.00165738
0.0767462,0.0836912,0.000561475,0.0016046
0.205478,0.0836912,0.000737603,0.00153165
0.349717,0.0836912,0.000904455,0.00143943
0.457771,0.0836912,0.00105993,0.00132911
0.463995,0.0836912,0.00120208,0.00120208
0.40749,0.0836912,0.00132911,0.00105993
0.36607,0.0836912,0.00143943,0.000904455
0.335503,0.0836912,0.00153165,0.000737603
0.313391,0.0836912,0.0016046,0.000561475
0.298256,0.0836912,0.00165738,0.000378286
0.289426,0.0836912,0.00168931,0.00019034
0.286528,0.0836912,0.0017,-3.77476e-19
0.00428826,0.0836912,-0.0017,3.77476e-19
0.00435563,0.0836912,-0.00168931,0.00019034
0.00447731,0.0836912,-0.00165738,0.000378286
0.00456384,0.0836912,-0.0016046,0.000561475
0.00461508,0.0836912,-0.00153165,0.000737603
0.00465016,0.0836912,-0.00143943,0.000904455
0.00479394,0.0836912,-0.00132911,0.00105993
0.00504776,0.0836912,-0.00120208,0.00120208
0.00537169,0.0836912,-0.00105993,0.00132911
0.0060305,0.0836912,-0.000904455,0.00143943
0.00711796,0.0836912,-0.000737603,0.00153165
0.00844003,0.0836912,-0.000561475,0.0016046
0.0100137,0.0836912,-0.000378286,0.00165738
0.0128135,0.0836912,-0.00019034,0.00168931
0.0169596,0.0836912,-1.89607e-17,-0.0017
0.012814,0.0836912,-0.00019034,-0.00168931
0.0100141,0.0836912,-0.000378286,-0.00165738
0.00844034,0.0836912,-0.000561475,-0.0016046
0.00711822,0.0836912,-0.000737603,-0.00153165
0.00603071,0.0836912,-0.000904455,-0.00143943
0.00537186,0.0836912,-0.00105993,-0.00132911
0.00504791,0.0836912,-0.00120208,-0.00120208
0.00479405,0.0836912,-0.00132911,-0.00105993
0.00465025,0.0836912,-0.00143943,-0.000904455
0.00461514,0.0836912,-0.00153165,-0.000737603
0.00456388,0.0836912,-0.0016046,-0.000561475
0.00447735,0.0836912,-0.00165738,-0.000378286
0.00435565,0.0836912,-0.00168931,-0.00019034
0.289426,0.0836912,0.00168931,-0.00019034
0.298256,0.0836912,0.00165738,-0.000378286
0.313391,0.0836912,0.0016046,-0.000561475
0.335503,0.0836912,0.00153165,-0.000737603
0.36607,0.0836912,0.00143943,-0.000904455
0.40749,0.0836912,0.00132911,-0.00105993
0.463995,0.0836912,0.00120208,-0.00120208
0.457771,0.0836912,0.00105993,-0.00132911
0.349716,0.0836912,0.000904455,-0.00143943
0.205479,0.0836912,0.000737603,-0.00153165
0.076747,0.0836912,0.000561475,-0.0016046
0.0404424,0.0836912,0.000378286,-0.00165738
0.0239626,0.0836912,0.00019034,-0.00168931
0.012754,0.0840326,-1.82815e-17,0.0017
0.0182458,0.0840326,0.00019034,0.00168931
0.0311925,0.0840326,0.000378286,0.00165738
0.0604593,0.0840326,0.000561475,0.0016046
0.168061,0.0840326,0.000737603,0.00153165
0.307539,0.0840326,0.000904455,0.00143943
0.417598,0.0840326,0.00105993,0.00132911
0.499474,0.0840326,0.00120208,0.00120208
0.440252,0.0840326,0.00132911,0.00105993
0.395704,0.0840326,0.00143943,0.000904455
0.362653,0.0840326,0.00153165,0.000737603
0.338511,0.0840326,0.0016046,0.000561475
0.321866,0.0840326,0.00165738,0.000378286
0.312149,0.0840326,0.00168931,0.00019034
0.308968,0.0840326,0.0017,-3.77476e-19
0.00431433,0.0840326,-0.0017,3.77476e-19
0.00435928,0.0840326,-0.00168931,0.00019034
0.00443024,0.0840326,-0.00165738,0.000378286
0.00445725,0.0840326,-0.0016046,0.000561475
0.00444302,0.0840326,-0.00153165,0.000737603
0.00440444,0.0840326,-0.00143943,0.000904455
0.0044692,0.0840326,-0.00132911,0.00105993
0.00460223,0.0840326,-0.00120208,0.00120208
0.00475958,0.0840326,-0.00105993,0.00132911
0.00514725,0.0840326,-0.000904455,0.00143943
0.00587201,0.0840326,-0.000737603,0.00153165
0.00668203,0.0840326,-0.000561475,0.0016046
0.00777658,0.0840326,-0.000378286,0.00165738
0.00961149,0.0840326,-0.00019034,0.00168931
0.0127544,0.0840326,-1.90365e-17,-0.0017
0.00961188,0.0840326,-0.00019034,-0.00168931
0.00777705,0.0840326,-0.000378286,-0.00165738
0.00668233,0.0840326,-0.000561475,-0.0016046
0.00587226,0.0840326,-0.000737603,-0.00153165
0.00514745,0.0840326,-0.000904455,-0.00143943
0.00475973,0.0840326,-0.00105993,-0.00132911
0.00460236,0.0840326,-0.00120208,-0.00120208
0.00446931,0.0840326,-0.00132911,-0.00105993
0.00440451,0.0840326,-0.00143943,-0.000904455
0.00444308,0.0840326,-0.00153165,-0.000737603
0.00445729,0.0840326,-0.0016046,-0.000561475
0.00443027,0.0840326,-0.00165738,-0.000378286
0.0043593,0.0840326,-0.00168931,-0.00019034
0.312149,0.0840326,0.00168931,-0.00019034
0.321867,0.0840326,0.00165738,-0.000378286
0.338511,0.0840326,0.0016046,-0.000561475
0.362654,0.0840326,0.00153165,-0.000737603
0.395704,0.0840326,0.00143943,-0.000904455
0.440253,0.0840326,0.00132911,-0.00105993
0.499474,0.0840326,0.00120208,-0.00120208
0.417598,0.0840326,0.00105993,-0.00132911
0.307538,0.0840326,0.000904455,-0.00143943
0.168061,0.0840326,0.000737603,-0.00153165
0.0604599,0.0840326,0.000561475,-0.0016046
0.0311931,0.0840326,0.000378286,-0.00165738
0.0182463,0.0840326,0.00019034,-0.00168931
0.00975562,0.0843741,-1.83573e-17,0.0017
0.0148361,0.0843741,0.00019034,0.00168931
0.025338,0.0843741,0.000378286,0.00165738
0.0491199,0.0843741,0.000561475,0.0016046
0.136125,0.0843741,0.000737603,0.00153165
0.267586,0.0843741,0.000904455,0.00143943
0.377283,0.0843741,0.00105993,0.00132911
0.46137,0.0843741,0.00120208,0.00120208
0.474868,0.0843741,0.00132911,0.00105993
0.427123,0.0843741,0.00143943,0.000904455
0.391432,0.0843741,0.00153165,0.000737603
0.365272,0.0843741,0.0016046,0.000561475
0.347207,0.0843741,0.00165738,0.000378286
0.336626,0.0843741,0.00168931,0.00019034
0.333158,0.0843741,0.0017,-3.77476e-19
0.00404708,0.0843741,-0.0017,3.77476e-19
0.00407244,0.0843741,-0.00168931,0.00019034
0.00409793,0.0843741,-0.00165738,0.000378286
0.00406979,0.0843741,-0.0016046,0.000561475
0.00399405,0.0843741,-0.00153165,0.000737603
0.00388637,0.0843741,-0.00143943,0.000904455
0.00387819,0.0843741,-0.00132911,0.00105993
0.00389893,0.0843741,-0.00120208,0.00120208
0.00390228,0.0843741,-0.00105993,0.00132911
0.00403448,0.0843741,-0.000904455,0.00143943
0.00442441,0.0843741,-0.000737603,0.00153165
0.00486817,0.0843741,-0.000561475,0.0016046
0.00558786,0.0843741,-0.000378286,0.00165738
0.00723213,0.0843741,-0.00019034,0.00168931
0.00975575,0.0843741,-1.91123e-17,-0.0017
0.00723241,0.0843741,-0.00019034,-0.00168931
0.00558819,0.0843741,-0.000378286,-0.00165738
0.00486856,0.0843741,-0.000561475,-0.0016046
0.00442463,0.0843741,-0.000737603,-0.00153165
0.00403466,0.0843741,-0.000904455,-0.00143943
0.00390242,0.0843741,-0.00105993,-0.00132911
0.00389906,0.0843741,-0.00120208,-0.00120208
0.00387829,0.0843741,-0.00132911,-0.00105993
0.00388645,0.0843741,-0.00143943,-0.000904455
0.00399411,0.0843741,-0.00153165,-0.000737603
0.00406983,0.0843741,-0.0016046,-0.000561475
0.00409796,0.0843741,-0.00165738,-0.000378286
0.00407246,0.0843741,-0.00168931,-0.00019034
0.336627,0.0843741,0.00168931,-0.00019034
0.347207,0.0843741,0.00165738,-0.000378286
0.365273,0.0843741,0.0016046,-0.000561475
0.391432,0.0843741,0.00153165,-0.000737603
0.427123,0.0843741,0.00143943,-0.000904455
0.474868,0.0843741,0.00132911,-0.00105993
0.461369,0.0843741,0.00120208,-0.00120208
0.377283,0.0843741,0.00105993,-0.00132911
0.267586,0.0843741,0.000904455,-0.00143943
0.136124,0.0843741,0.000737603,-0.00153165
0.04912,0.0843741,0.000561475,-0.0016046
0.0253382,0.0843741,0.000378286,-0.00165738
0.0148364,0.0843741,0.00019034,-0.00168931
0.00800521,0.0847155,-1.84331e-17,0.0017
0.0120413,0.0847155,0.00019034,0.00168931
0.020724,0.0847155,0.000378286,0.00165738
0.0404081,0.0847155,0.000561475,0.0016046
0.108938,0.0847155,0.000737603,0.00153165
0.231807,0.0847155,0.000904455,0.00143943
0.338741,0.0847155,0.00105993,0.00132911
0.42311,0.0847155,0.00120208,0.00120208
0.488795,0.0847155,0.00132911,0.00105993
0.460261,0.0847155,0.00143943,0.000904455
0.42185,0.0847155,0.00153165,0.000737603
0.393522,0.0847155,0.0016046,0.000561475
0.373867,0.0847155,0.00165738,0.000378286
0.362322,0.0847155,0.00168931,0.00019034
0.358538,0.0847155,0.0017,-3.77476e-19
0.00361952,0.0847155,-0.0017,3.77476e-19
0.00363425,0.0847155,-0.00168931,0.00019034
0.00364345,0.0847155,-0.00165738,0.000378286
0.00364994,0.0847155,-0.0016046,0.000561475
0.00362823,0.0847155,-0.00153165,0.000737603
0.00353527,0.0847155,-0.00143943,0.000904455
0.00350587,0.0847155,-0.00132911,0.00105993
0.00344207,0.0847155,-0.00120208,0.00120208
0.0033108,0.0847155,-0.00105993,0.00132911
0.00322628,0.0847155,-0.000904455,0.00143943
0.00335606,0.0847155,-0.000737603,0.00153165
0.00346845,0.0847155,-0.000561475,0.0016046
0.00440732,0.0847155,-0.000378286,0.00165738
0.00609553,0.0847155,-0.00019034,0.00168931
0.00800535,0.0847155,-1.91881e-17,-0.0017
0.00609566,0.0847155,-0.00019034,-0.00168931
0.00440744,0.0847155,-0.000378286,-0.00165738
0.00346867,0.0847155,-0.000561475,-0.0016046
0.00335633,0.0847155,-0.000737603,-0.00153165
0.0032265,0.0847155,-0.000904455,-0.00143943
0.00331098,0.0847155,-0.00105993,-0.00132911
0.00344222,0.0847155,-0.00120208,-0.00120208
0.003506,0.0847155,-0.00132911,-0.00105993
0.00353537,0.0847155,-0.00143943,-0.000904455
0.00362831,0.0847155,-0.00153165,-0.000737603
0.00365,0.0847155,-0.0016046,-0.000561475
0.00364347,0.0847155,-0.00165738,-0.000378286
0.00363426,0.0847155,-0.00168931,-0.00019034
0.362323,0.0847155,0.00168931,-0.00019034
0.373867,0.0847155,0.00165738,-0.000378286
0.393522,0.0847155,0.0016046,-0.000561475
0.421851,0.0847155,0.00153165,-0.000737603
0.460261,0.0847155,0.00143943,-0.000904455
0.488795,0.0847155,0.00132911,-0.00105993
0.423109,0.0847155,0.00120208,-0.00120208
0.338741,0.0847155,0.00105993,-0.00132911
0.231807,0.0847155,0.000904455,-0.00143943
0.108938,0.0847155,0.000737603,-0.00153165
0.0404083,0.0847155,0.000561475,-0.0016046
0.0207242,0.0847155,0.000378286,-0.00165738
0.0120416,0.0847155,0.00019034,-0.00168931
0.00714327,0.0850569,-1.8509e-17,0.0017
0.0102905,0.0850569,0.00019034,0.00168931
0.0173126,0.0850569,0.000378286,0.00165738
0.0331824,0.0850569,0.000561475,0.0016046
0.084686,0.0850569,0.000737603,0.00153165
0.197424,0.0850569,0.000904455,0.00143943
0.300902,0.0850569,0.00105993,0.00132911
0.385319,0.0850569,0.00120208,0.00120208
0.452016,0.0850569,0.00132911,0.00105993
0.495232,0.0850569,0.00143943,0.000904455
0.454047,0.0850569,0.00153165,0.000737603
0.423304,0.0850569,0.0016046,0.000561475
0.401954,0.0850569,0.00165738,0.000378286
0.389389,0.0850569,0.00168931,0.00019034
0.385272,0.0850569,0.0017,-3.77476e-19
0.00381843,0.0850569,-0.0017,3.77476e-19
0.00386405,0.0850569,-0.00168931,0.00019034
0.00392422,0.0850569,-0.00165738,0.000378286
0.00391079,0.0850569,-0.0016046,0.000561475
0.00381395,0.0850569,-0.00153165,0.000737603
0.00363433,0.0850569,-0.00143943,0.000904455
0.00350694,0.0850569,-0.00132911,0.00105993
0.00329601,0.0850569,-0.00120208,0.00120208
0.00296303,0.0850569,-0.00105993,0.00132911
0.00257812,0.0850569,-0.000904455,0.00143943
0.00227794,0.0850569,-0.000737603,0.00153165
0.00276662,0.0850569,-0.000561475,0.0016046
0.00384658,0.0850569,-0.000378286,0.00165738
0.00530868,0.0850569,-0.00019034,0.00168931
0.00714327,0.0850569,-1.92639e-17,-0.0017
0.00530868,0.0850569,-0.00019034,-0.00168931
0.00384658,0.0850569,-0.000378286,-0.00165738
0.00276672,0.0850569,-0.000561475,-0.0016046
0.00227821,0.0850569,-0.000737603,-0.00153165
0.00257835,0.0850569,-0.000904455,-0.00143943
0.00296321,0.0850569,-0.00105993,-0.00132911
0.00329616,0.0850569,-0.00120208,-0.00120208
0.00350706,0.0850569,-0.00132911,-0.00105993
0.00363443,0.0850569,-0.00143943,-0.000904455
0.00381402,0.0850569,-0.00153165,-0.000737603
0.00391084,0.0850569,-0.0016046,-0.000561475
0.00392426,0.0850569,-0.00165738,-0.000378286
0.00386407,0.0850569,-0.00168931,-0.00019034
0.38939,0.0850569,0.00168931,-0.00019034
0.401955,0.0850569,0.00165738,-0.000378286
0.423304,0.0850569,0.0016046,-0.000561475
0.454048,0.0850569,0.00153165,-0.000737603
0.495232,0.0850569,0.00143943,-0.000904455
0.452016,0.0850569,0.00132911,-0.00105993
0.385318,0.0850569,0.00120208,-0.00120208
0.300902,0.0850569,0.00105993,-0.00132911
0.197423,0.0850569,0.000904455,-0.00143943
0.0846859,0.0850569,0.000737603,-0.00153165
0.0331825,0.0850569,0.000561475,-0.0016046
0.0173127,0.0850569,0.000378286,-0.00165738
0.0102906,0.0850569,0.00019034,-0.00168931
0.00666508,0.0853983,-1.85848e-17,0.0017
0.00913088,0.0853983,0.00019034,0.00168931
0.014335,0.0853983,0.000378286,0.00165738
0.0276075,0.0853983,0.000561475,0.0016046
0.0656966,0.0853983,0.000737603,0.00153165
0.167415,0.0853983,0.000904455,0.00143943
0.265633,0.0853983,0.00105993,0.00132911
0.34833,0.0853983,0.00120208,0.00120208
0.415216,0.0853983,0.00132911,0.00105993
0.469292,0.0853983,0.00143943,0.000904455
0.487746,0.0853983,0.00153165,0.000737603
0.454849,0.0853983,0.0016046,0.000561475
0.431665,0.0853983,0.00165738,0.000378286
0.418024,0.0853983,0.00168931,0.00019034
0.413551,0.0853983,0.0017,-3.77476e-19
0.00389498,0.0853983,-0.0017,3.77476e-19
0.00391746,0.0853983,-0.00168931,0.00019034
0.00392426,0.0853983,-0.00165738,0.000378286
0.00384646,0.0853983,-0.0016046,0.000561475
0.0036772,0.0853983,-0.00153165,0.000737603
0.003427,0.0853983,-0.00143943,0.000904455
0.00319442,0.0853983,-0.00132911,0.00105993
0.00284467,0.0853983,-0.00120208,0.00120208
0.00232179,0.0853983,-0.00105993,0.00132911
0.00165598,0.0853983,-0.000904455,0.00143943
0.00171086,0.0853983,-0.000737603,0.00153165
0.00252232,0.0853983,-0.000561475,0.0016046
0.00363031,0.0853983,-0.000378286,0.00165738
0.00498487,0.0853983,-0.00019034,0.00168931
0.00666508,0.0853983,-1.93397e-17,-0.0017
0.00498487,0.0853983,-0.00019034,-0.00168931
0.00363031,0.0853983,-0.000378286,-0.00165738
0.00252232,0.0853983,-0.000561475,-0.0016046
0.00171095,0.0853983,-0.000737603,-0.00153165
0.00165619,0.0853983,-0.000904455,-0.00143943
0.00232197,0.0853983,-0.00105993,-0.00132911
0.00284481,0.0853983,-0.00120208,-0.00120208
0.00319454,0.0853983,-0.00132911,-0.00105993
0.00342709,0.0853983,-0.00143943,-0.000904455
0.00367726,0.0853983,-0.00153165,-0.000737603
0.0038465,0.0853983,-0.0016046,-0.000561475
0.0039243,0.0853983,-0.00165738,-0.000378286
0.00391749,0.0853983,-0.00168931,-0.00019034
0.418024,0.0853983,0.00168931,-0.00019034
0.431666,0.0853983,0.00165738,-0.000378286
0.45485,0.0853983,0.0016046,-0.000561475
0.487747,0.0853983,0.00153165,-0.000737603
0.469292,0.0853983,0.00143943,-0.000904455
0.415215,0.0853983,0.00132911,-0.00105993
0.34833,0.0853983,0.00120208,-0.00120208
0.265633,0.0853983,0.00105993,-0.00132911
0.167415,0.0853983,0.000904455,-0.00143943
0.0656965,0.0853983,0.000737603,-0.00153165
0.0276076,0.0853983,0.000561475,-0.0016046
0.0143351,0.0853983,0.000378286,-0.00165738
0.00913088,0.0853983,0.00019034,-0.00168931
0.00621932,0.0857397,-1.86606e-17,0.0017
0.00831143,0.0857397,0.00019034,0.00168931
0.012151,0.0857397,0.000378286,0.00165738
0.0221585,0.0857397,0.000561475,0.0016046
0.0488417,0.0857397,0.000737603,0.00153165
0.139605,0.0857397,0.000904455,0.00143943
0.232403,0.0857397,0.00105993,0.00132911
0.31274,0.0857397,0.00120208,0.00120208
0.379453,0.0857397,0.00132911,0.00105993
0.433881,0.0857397,0.00143943,0.000904455
0.47804,0.0857397,0.00153165,0.000737603
0.487426,0.0857397,0.0016046,0.000561475
0.462738,0.0857397,0.00165738,0.000378286
0.448053,0.0857397,0.00168931,0.00019034
0.443218,0.0857397,0.0017,-3.77476e-19
0.00369043,0.0857397,-0.0017,3.77476e-19
0.0036926,0.0857397,-0.00168931,0.00019034
0.00365139,0.0857397,-0.00165738,0.000378286
0.00351407,0.0857397,-0.0016046,0.000561475
0.00327725,0.0857397,-0.00153165,0.000737603
0.00296294,0.0857397,-0.00143943,0.000904455
0.00263143,0.0857397,-0.00132911,0.00105993
0.00215249,0.0857397,-0.00120208,0.00120208
0.00145322,0.0857397,-0.00105993,0.00132911
0.00105437,0.0857397,-0.000904455,0.00143943
0.00151825,0.0857397,-0.000737603,0.00153165
0.00238679,0.0857397,-0.000561475,0.0016046
0.0034246,0.0857397,-0.000378286,0.00165738
0.00467955,0.0857397,-0.00019034,0.00168931
0.00621933,0.0857397,-1.94155e-17,-0.0017
0.00467955,0.0857397,-0.00019034,-0.00168931
0.0034246,0.0857397,-0.000378286,-0.00165738
0.00238679,0.0857397,-0.000561475,-0.0016046
0.00151825,0.0857397,-0.000737603,-0.00153165
0.00105445,0.0857397,-0.000904455,-0.00143943
0.00145339,0.0857397,-0.00105993,-0.00132911
0.00215262,0.0857397,-0.00120208,-0.00120208
0.00263153,0.0857397,-0.00132911,-0.00105993
0.00296302,0.0857397,-0.00143943,-0.000904455
0.00327732,0.0857397,-0.00153165,-0.000737603
0.00351412,0.0857397,-0.0016046,-0.000561475
0.00365142,0.0857397,-0.00165738,-0.000378286
0.00369262,0.0857397,-0.00168931,-0.00019034
0.448054,0.0857397,0.00168931,-0.00019034
0.462739,0.0857397,0.00165738,-0.000378286
0.487427,0.0857397,0.0016046,-0.000561475
0.47804,0.0857397,0.00153165,-0.000737603
0.43388,0.0857397,0.00143943,-0.000904455
0.379452,0.0857397,0.00132911,-0.00105993
0.312739,0.0857397,0.00120208,-0.00120208
0.232403,0.0857397,0.00105993,-0.00132911
0.139605,0.0857397,0.000904455,-0.00143943
0.0488416,0.0857397,0.000737603,-0.00153165
0.0221586,0.0857397,0.000561475,-0.0016046
0.012151,0.0857397,0.000378286,-0.00165738
0.00831143,0.0857397,0.00019034,-0.00168931
0.00580363,0.0860812,-1.87364e-17,0.0017
0.00764249,0.0860812,0.00019034,0.00168931
0.0105117,0.0860812,0.000378286,0.00165738
0.0186287,0.0860812,0.000561475,0.0016046
0.0382148,0.0860812,0.000737603,0.00153165
0.114629,0.0860812,0.000904455,0.00143943
0.200584,0.0860812,0.00105993,0.00132911
0.278021,0.0860812,0.00120208,0.00120208
0.3442,0.0860812,0.00132911,0.00105993
0.399028,0.0860812,0.00143943,0.000904455
0.443852,0.0860812,0.00153165,0.000737603
0.479514,0.0860812,0.0016046,0.000561475
0.494482,0.0860812,0.00165738,0.000378286
0.47888,0.0860812,0.00168931,0.00019034
0.473736,0.0860812,0.0017,-3.77476e-19
0.00325579,0.0860812,-0.0017,3.77476e-19
0.00324014,0.0860812,-0.00168931,0.00019034
0.00315608,0.0860812,-0.00165738,0.000378286
0.00296446,0.0860812,-0.0016046,0.000561475
0.00266546,0.0860812,-0.00153165,0.000737603
0.00229319,0.0860812,-0.00143943,0.000904455
0.0018705,0.0860812,-0.00132911,0.00105993
0.00139831,0.0860812,-0.00120208,0.00120208
0.000851638,0.0860812,-0.00105993,0.00132911
0.000813803,0.0860812,-0.000904455,0.00143943
0.00143642,0.0860812,-0.000737603,0.00153165
0.00225721,0.0860812,-0.000561475,0.0016046
0.00322908,0.0860812,-0.000378286,0.00165738
0.00439176,0.0860812,-0.00019034,0.00168931
0.00580364,0.0860812,-1.94913e-17,-0.0017
0.00439176,0.0860812,-0.00019034,-0.00168931
0.00322908,0.0860812,-0.000378286,-0.00165738
0.00225721,0.0860812,-0.000561475,-0.0016046
0.00143642,0.0860812,-0.000737603,-0.00153165
0.000813801,0.0860812,-0.000904455,-0.00143943
0.000851702,0.0860812,-0.00105993,-0.00132911
0.00139841,0.0860812,-0.00120208,-0.00120208
0.0018706,0.0860812,-0.00132911,-0.00105993
0.00229326,0.0860812,-0.00143943,-0.000904455
0.00266552,0.0860812,-0.00153165,-0.000737603
0.00296451,0.0860812,-0.0016046,-0.000561475
0.0031561,0.0860812,-0.00165738,-0.000378286
0.00324015,0.0860812,-0.00168931,-0.00019034
0.47888,0.0860812,0.00168931,-0.00019034
0.494482,0.0860812,0.00165738,-0.000378286
0.479513,0.0860812,0.0016046,-0.000561475
0.443851,0.0860812,0.00153165,-0.000737603
0.399027,0.0860812,0.00143943,-0.000904455
0.3442,0.0860812,0.00132911,-0.00105993
0.278021,0.0860812,0.00120208,-0.00120208
0.200583,0.0860812,0.00105993,-0.00132911
0.114628,0.0860812,0.000904455,-0.00143943
0.0382148,0.0860812,0.000737603,-0.00153165
0.0186287,0.0860812,0.000561475,-0.0016046
0.0105117,0.0860812,0.000378286,-0.00165738
0.0076425,0.0860812,0.00019034,-0.00168931
0.00541589,0.0864226,-1.88122e-17,0.0017
0.00708585,0.0864226,0.00019034,0.00168931
0.00951104,0.0864226,0.000378286,0.00165738
0.014821,0.0864226,0.000561475,0.0016046
0.0302586,0.0864226,0.000737603,0.00153165
0.0928341,0.0864226,0.000904455,0.00143943
0.172158,0.0864226,0.00105993,0.00132911
0.246092,0.0864226,0.00120208,0.00120208
0.310034,0.0864226,0.00132911,0.00105993
0.364513,0.0864226,0.00143943,0.000904455
0.410035,0.0864226,0.00153165,0.000737603
0.446405,0.0864226,0.0016046,0.000561475
0.473393,0.0864226,0.00165738,0.000378286
0.489796,0.0864226,0.00168931,0.00019034
0.49524,0.0864226,0.0017,-3.77476e-19
0.00264357,0.0864226,-0.0017,3.77476e-19
0.00261204,0.0864226,-0.00168931,0.00019034
0.00248912,0.0864226,-0.00165738,0.000378286
0.00227047,0.0864226,-0.0016046,0.000561475
0.00201301,0.0864226,-0.00153165,0.000737603
0.00169868,0.0864226,-0.00143943,0.000904455
0.00131865,0.0864226,-0.00132911,0.00105993
0.000778148,0.0864226,-0.00120208,0.00120208
0.000517411,0.0864226,-0.00105993,0.00132911
0.000784565,0.0864226,-0.000904455,0.00143943
0.0013581,0.0864226,-0.000737603,0.00153165
0.00213345,0.0864226,-0.000561475,0.0016046
0.00304333,0.0864226,-0.000378286,0.00165738
0.00412053,0.0864226,-0.00019034,0.00168931
0.0054159,0.0864226,-1.95671e-17,-0.0017
0.00412053,0.0864226,-0.00019034,-0.00168931
0.00304333,0.0864226,-0.000378286,-0.00165738
0.00213345,0.0864226,-0.000561475,-0.0016046
0.0013581,0.0864226,-0.000737603,-0.00153165
0.000784564,0.0864226,-0.000904455,-0.00143943
0.000517473,0.0864226,-0.00105993,-0.00132911
0.000778198,0.0864226,-0.00120208,-0.00120208
0.00131872,0.0864226,-0.00132911,-0.00105993
0.00169873,0.0864226,-0.00143943,-0.000904455
0.00201306,0.0864226,-0.00153165,-0.000737603
0.00227051,0.0864226,-0.0016046,-0.000561475
0.00248914,0.0864226,-0.00165738,-0.000378286
0.00261206,0.0864226,-0.00168931,-0.00019034
0.489796,0.0864226,0.00168931,-0.00019034
0.473392,0.0864226,0.00165738,-0.000378286
0.446404,0.0864226,0.0016046,-0.000561475
0.410034,0.0864226,0.00153165,-0.000737603
0.364512,0.0864226,0.00143943,-0.000904455
0.310033,0.0864226,0.00132911,-0.00105993
0.246092,0.0864226,0.00120208,-0.00120208
0.172158,0.0864226,0.00105993,-0.00132911
0.0928339,0.0864226,0.000904455,-0.00143943
0.0302586,0.0864226,0.000737603,-0.00153165
0.014821,0.0864226,0.000561475,-0.0016046
0.00951104,0.0864226,0.000378286,-0.00165738
0.00708586,0.0864226,0.00019034,-0.00168931
0.00505434,0.086764,-1.8888e-17,0.0017
0.00657327,0.086764,0.00019034,0.00168931
0.00860612,0.086764,0.000378286,0.00165738
0.0123563,0.086764,0.000561475,0.0016046
0.0237435,0.086764,0.000737603,0.00153165
0.0723506,0.086764,0.000904455,0.00143943
0.145531,0.086764,0.00105993,0.00132911
0.215824,0.086764,0.00120208,0.00120208
0.277867,0.086764,0.00132911,0.00105993
0.33143,0.086764,0.00143943,0.000904455
0.376484,0.086764,0.00153165,0.000737603
0.413627,0.086764,0.0016046,0.000561475
0.44116,0.086764,0.00165738,0.000378286
0.458274,0.086764,0.00168931,0.00019034
0.463963,0.086764,0.0017,-3.77476e-19
0.0023531,0.086764,-0.0017,3.77476e-19
0.00235065,0.086764,-0.00168931,0.00019034
0.00228513,0.086764,-0.00165738,0.000378286
0.00208637,0.086764,-0.0016046,0.000561475
0.00173611,0.086764,-0.00153165,0.000737603
0.00128004,0.086764,-0.00143943,0.000904455
0.000721774,0.086764,-0.00132911,0.00105993
0.000470106,0.086764,-0.00120208,0.00120208
0.00050952,0.086764,-0.00105993,0.00132911
0.000756762,0.086764,-0.000904455,0.00143943
0.0012833,0.086764,-0.000737603,0.00153165
0.00201541,0.086764,-0.000561475,0.0016046
0.00286702,0.086764,-0.000378286,0.00165738
0.00386509,0.086764,-0.00019034,0.00168931
0.00505434,0.086764,-1.9643e-17,-0.0017
0.00386509,0.086764,-0.00019034,-0.00168931
0.00286702,0.086764,-0.000378286,-0.00165738
0.00201541,0.086764,-0.000561475,-0.0016046
0.0012833,0.086764,-0.000737603,-0.00153165
0.000756761,0.086764,-0.000904455,-0.00143943
0.00050952,0.086764,-0.00105993,-0.00132911
0.000470154,0.086764,-0.00120208,-0.00120208
0.000721811,0.086764,-0.00132911,-0.00105993
0.00128012,0.086764,-0.00143943,-0.000904455
0.00173618,0.086764,-0.00153165,-0.000737603
0.00208642,0.086764,-0.0016046,-0.000561475
0.00228516,0.086764,-0.00165738,-0.000378286
0.00235067,0.086764,-0.00168931,-0.00019034
0.458274,0.086764,0.00168931,-0.00019034
0.441159,0.086764,0.00165738,-0.000378286
0.413626,0.086764,0.0016046,-0.000561475
0.376483,0.086764,0.00153165,-0.000737603
0.331429,0.086764,0.00143943,-0.000904455
0.277866,0.086764,0.00132911,-0.00105993
0.215823,0.086764,0.00120208,-0.00120208
0.145531,0.086764,0.00105993,-0.00132911
0.0723504,0.086764,0.000904455,-0.00143943
0.0237435,0.086764,0.000737603,-0.00153165
0.0123563,0.086764,0.000561475,-0.0016046
0.00860612,0.086764,0.000378286,-0.00165738
0.00657327,0.086764,0.00019034,-0.00168931
0.00471748,0.0871054,-1.89638e-17,0.0017
0.00610131,0.0871054,0.00019034,0.00168931
0.00785038,0.0871054,0.000378286,0.00165738
0.0103129,0.0871054,0.000561475,0.0016046
0.0193826,0.0871054,0.000737603,0.00153165
0.0558166,0.0871054,0.000904455,0.00143943
0.121449,0.0871054,0.00105993,0.00132911
0.186616,0.0871054,0.00120208,0.00120208
0.246838,0.0871054,0.00132911,0.00105993
0.299453,0.0871054,0.00143943,0.000904455
0.344335,0.0871054,0.00153165,0.000737603
0.38112,0.0871054,0.0016046,0.000561475
0.409322,0.0871054,0.00165738,0.000378286
0.42669,0.0871054,0.00168931,0.00019034
0.432625,0.0871054,0.0017,-3.77476e-19
0.00221258,0.0871054,-0.0017,3.77476e-19
0.00218933,0.0871054,-0.00168931,0.00019034
0.00207343,0.0871054,-0.00165738,0.000378286
0.00180951,0.0871054,-0.0016046,0.000561475
0.00138124,0.0871054,-0.00153165,0.000737603
0.000932504,0.0871054,-0.00143943,0.000904455
0.000495239,0.0871054,-0.00132911,0.00105993
0.000340648,0.0871054,-0.00120208,0.00120208
0.000506478,0.0871054,-0.00105993,0.00132911
0.000730397,0.0871054,-0.000904455,0.00143943
0.00121209,0.0871054,-0.000737603,0.00153165
0.00190309,0.0871054,-0.000561475,0.0016046
0.00269999,0.0871054,-0.000378286,0.00165738
0.00362483,0.0871054,-0.00019034,0.00168931
0.00471748,0.0871054,-1.97188e-17,-0.0017
0.00362483,0.0871054,-0.00019034,-0.00168931
0.00269999,0.0871054,-0.000378286,-0.00165738
0.00190309,0.0871054,-0.000561475,-0.0016046
0.00121209,0.0871054,-0.000737603,-0.00153165
0.000730396,0.0871054,-0.000904455,-0.00143943
0.000506478,0.0871054,-0.00105993,-0.00132911
0.000340648,0.0871054,-0.00120208,-0.00120208
0.000495316,0.0871054,-0.00132911,-0.00105993
0.000932565,0.0871054,-0.00143943,-0.000904455
0.00138131,0.0871054,-0.00153165,-0.000737603
0.00180956,0.0871054,-0.0016046,-0.000561475
0.00207346,0.0871054,-0.00165738,-0.000378286
0.00218935,0.0871054,-0.00168931,-0.00019034
0.426689,0.0871054,0.00168931,-0.00019034
0.409322,0.0871054,0.00165738,-0.000378286
0.381119,0.0871054,0.0016046,-0.000561475
0.344334,0.0871054,0.00153165,-0.000737603
0.299452,0.0871054,0.00143943,-0.000904455
0.246838,0.0871054,0.00132911,-0.00105993
0.186615,0.0871054,0.00120208,-0.00120208
0.121449,0.0871054,0.00105993,-0.00132911
0.0558164,0.0871054,0.000904455,-0.00143943
0.0193826,0.0871054,0.000737603,-0.00153165
0.0103129,0.0871054,0.000561475,-0.0016046
0.00785038,0.0871054,0.000378286,-0.00165738
0.00610132,0.0871054,0.00019034,-0.00168931
0.00440405,0.0874469,-1.90396e-17,0.0017
0.00566703,0.0874469,0.00019034,0.00168931
0.00724446,0.0874469,0.000378286,0.00165738
0.00928993,0.0874469,0.000561475,0.0016046
0.0149643,0.0874469,0.000737603,0.00153165
0.0413626,0.0874469,0.000904455,0.00143943
0.100446,0.0874469,0.00105993,0.00132911
0.1607,0.0874469,0.00120208,0.00120208
0.217441,0.0874469,0.00132911,0.00105993
0.268322,0.0874469,0.00143943,0.000904455
0.312943,0.0874469,0.00153165,0.000737603
0.34973,0.0874469,0.0016046,0.000561475
0.37777,0.0874469,0.00165738,0.000378286
0.395565,0.0874469,0.00168931,0.00019034
0.401525,0.0874469,0.0017,-3.77476e-19
0.00185779,0.0874469,-0.0017,3.77476e-19
0.00181633,0.0874469,-0.00168931,0.00019034
0.00165559,0.0874469,-0.00165738,0.000378286
0.00138162,0.0874469,-0.0016046,0.000561475
0.00105182,0.0874469,-0.00153165,0.000737603
0.000666298,0.0874469,-0.00143943,0.000904455
0.000243431,0.0874469,-0.00132911,0.00105993
0.000344549,0.0874469,-0.00120208,0.00120208
0.000503665,0.0874469,-0.00105993,0.00132911
0.000705513,0.0874469,-0.000904455,0.00143943
0.00114461,0.0874469,-0.000737603,0.00153165
0.00179655,0.0874469,-0.000561475,0.0016046
0.00254216,0.0874469,-0.000378286,0.00165738
0.00339931,0.0874469,-0.00019034,0.00168931
0.00440405,0.0874469,-1.97946e-17,-0.0017
0.0033993,0.0874469,-0.00019034,-0.00168931
0.00254216,0.0874469,-0.000378286,-0.00165738
0.00179655,0.0874469,-0.000561475,-0.0016046
0.00114461,0.0874469,-0.000737603,-0.00153165
0.000705512,0.0874469,-0.000904455,-0.00143943
0.000503665,0.0874469,-0.00105993,-0.00132911
0.000344549,0.0874469,-0.00120208,-0.00120208
0.000243471,0.0874469,-0.00132911,-0.00105993
0.000666359,0.0874469,-0.00143943,-0.000904455
0.00105186,0.0874469,-0.00153165,-0.000737603
0.00138166,0.0874469,-0.0016046,-0.000561475
0.00165562,0.0874469,-0.00165738,-0.000378286
0.00181634,0.0874469,-0.00168931,-0.00019034
0.395564,0.0874469,0.00168931,-0.00019034
0.377769,0.0874469,0.00165738,-0.000378286
0.349729,0.0874469,0.0016046,-0.000561475
0.312942,0.0874469,0.00153165,-0.000737603
0.268321,0.0874469,0.00143943,-0.000904455
0.21744,0.0874469,0.00132911,-0.00105993
0.1607,0.0874469,0.00120208,-0.00120208
0.100446,0.0874469,0.00105993,-0.00132911
0.0413624,0.0874469,0.000904455,-0.00143943
0.0149643,0.0874469,0.000737603,-0.00153165
0.00928993,0.0874469,0.000561475,-0.0016046
0.00724446,0.0874469,0.000378286,-0.00165738
0.00566703,0.0874469,0.00019034,-0.00168931
0.00411289,0.0877883,-1.91154e-17,0.0017
0.00526767,0.0877883,0.00019034,0.00168931
0.0066944,0.0877883,0.000378286,0.00165738
0.00837585,0.0877883,0.000561475,0.0016046
0.0118823,0.0877883,0.000737603,0.00153165
0.0279644,0.0877883,0.000904455,0.00143943
0.0805554,0.0877883,0.00105993,0.00132911
0.136796,0.0877883,0.00120208,0.00120208
0.190642,0.0877883,0.00132911,0.00105993
0.239388,0.0877883,0.00143943,0.000904455
0.282194,0.0877883,0.00153165,0.000737603
0.31904,0.0877883,0.0016046,0.000561475
0.346972,0.0877883,0.00165738,0.000378286
0.364788,0.0877883,0.00168931,0.00019034
0.370903,0.0877883,0.0017,-3.77476e-19
0.00148367,0.0877883,-0.0017,3.77476e-19
0.00145194,0.0877883,-0.00168931,0.00019034
0.00132935,0.0877883,-0.00165738,0.000378286
0.00108093,0.0877883,-0.0016046,0.000561475
0.00070392,0.0877883,-0.00153165,0.000737603
0.000336744,0.0877883,-0.00143943,0.000904455
0.000217847,0.0877883,-0.00132911,0.00105993
0.000348571,0.0877883,-0.00120208,0.00120208
0.000501152,0.0877883,-0.00105993,0.00132911
0.000682186,0.0877883,-0.000904455,0.00143943
0.00108096,0.0877883,-0.000737603,0.00153165
0.0016959,0.0877883,-0.000561475,0.0016046
0.00239347,0.0877883,-0.000378286,0.00165738
0.00318813,0.0877883,-0.00019034,0.00168931
0.00411289,0.0877883,-1.98704e-17,-0.0017
0.00318812,0.0877883,-0.00019034,-0.00168931
0.00239347,0.0877883,-0.000378286,-0.00165738
0.0016959,0.0877883,-0.000561475,-0.0016046
0.00108096,0.0877883,-0.000737603,-0.00153165
0.000682185,0.0877883,-0.000904455,-0.00143943
0.000501151,0.0877883,-0.00105993,-0.00132911
0.000348571,0.0877883,-0.00120208,-0.00120208
0.000217847,0.0877883,-0.00132911,-0.00105993
0.000336777,0.0877883,-0.00143943,-0.000904455
0.000703967,0.0877883,-0.00153165,-0.000737603
0.00108097,0.0877883,-0.0016046,-0.000561475
0.00132938,0.0877883,-0.00165738,-0.000378286
0.00145195,0.0877883,-0.00168931,-0.00019034
0.364788,0.0877883,0.00168931,-0.00019034
0.346971,0.0877883,0.00165738,-0.000378286
0.319039,0.0877883,0.0016046,-0.000561475
0.282193,0.0877883,0.00153165,-0.000737603
0.239387,0.0877883,0.00143943,-0.000904455
0.190642,0.0877883,0.00132911,-0.00105993
0.136796,0.0877883,0.00120208,-0.00120208
0.080555,0.0877883,0.00105993,-0.00132911
0.0279642,0.0877883,0.000904455,-0.00143943
0.0118823,0.0877883,0.000737603,-0.00153165
0.00837585,0.0877883,0.000561475,-0.0016046
0.0066944,0.0877883,0.000378286,-0.00165738
0.00526767,0.0877883,0.00019034,-0.00168931
0.00384277,0.0881297,-1.91913e-17,0.0017
0.00490056,0.0881297,0.00019034,0.00168931
0.00619466,0.0881297,0.000378286,0.00165738
0.00766625,0.0881297,0.000561475,0.0016046
0.00957936,0.0881297,0.000737603,0.00153165
0.0190594,0.0881297,0.000904455,0.00143943
0.0628242,0.0881297,0.00105993,0.00132911
0.114295,0.0881297,0.00120208,0.00120208
0.164943,0.0881297,0.00132911,0.00105993
0.212148,0.0881297,0.00143943,0.000904455
0.25373,0.0881297,0.00153165,0.000737603
0.289001,0.0881297,0.0016046,0.000561475
0.317026,0.0881297,0.00165738,0.000378286
0.334557,0.0881297,0.00168931,0.00019034
0.340561,0.0881297,0.0017,-3.77476e-19
0.00115357,0.0881297,-0.0017,3.77476e-19
0.00110922,0.0881297,-0.00168931,0.00019034
0.000954779,0.0881297,-0.00165738,0.000378286
0.000661864,0.0881297,-0.0016046,0.000561475
0.000408469,0.0881297,-0.00153165,0.000737603
0.000213001,0.0881297,-0.00143943,0.000904455
0.000227061,0.0881297,-0.00132911,0.00105993
0.000352783,0.0881297,-0.00120208,0.00120208
0.000499026,0.0881297,-0.00105993,0.00132911
0.000667961,0.0881297,-0.000904455,0.00143943
0.00103638,0.0881297,-0.000737603,0.00153165
0.00160117,0.0881297,-0.000561475,0.0016046
0.0022538,0.0881297,-0.000378286,0.00165738
0.00299079,0.0881297,-0.00019034,0.00168931
0.00384277,0.0881297,-1.99462e-17,-0.0017
0.00299079,0.0881297,-0.00019034,-0.00168931
0.0022538,0.0881297,-0.000378286,-0.00165738
0.00160117,0.0881297,-0.000561475,-0.0016046
0.00103638,0.0881297,-0.000737603,-0.00153165
0.00066796,0.0881297,-0.000904455,-0.00143943
0.000499025,0.0881297,-0.00105993,-0.00132911
0.000352782,0.0881297,-0.00120208,-0.00120208
0.000227061,0.0881297,-0.00132911,-0.00105993
0.000213033,0.0881297,-0.00143943,-0.000904455
0.000408494,0.0881297,-0.00153165,-0.000737603
0.000661897,0.0881297,-0.0016046,-0.000561475
0.0009548,0.0881297,-0.00165738,-0.000378286
0.00110923,0.0881297,-0.00168931,-0.00019034
0.334556,0.0881297,0.00168931,-0.00019034
0.317026,0.0881297,0.00165738,-0.000378286
0.289,0.0881297,0.0016046,-0.000561475
0.253729,0.0881297,0.00153165,-0.000737603
0.212147,0.0881297,0.00143943,-0.000904455
0.164942,0.0881297,0.00132911,-0.00105993
0.114295,0.0881297,0.00120208,-0.00120208
0.0628239,0.0881297,0.00105993,-0.00132911
0.0190593,0.0881297,0.000904455,-0.00143943
0.00957935,0.0881297,0.000737603,-0.00153165
0.00766625,0.0881297,0.000561475,-0.0016046
0.00619466,0.0881297,0.000378286,-0.00165738
0.00490057,0.0881297,0.00019034,-0.00168931
0.00359227,0.0884711,-1.92671e-17,0.0017
0.00456298,0.0884711,0.00019034,0.00168931
0.00573999,0.0884711,0.000378286,0.00165738
0.0070627,0.0884711,0.000561475,0.0016046
0.00861748,0.0884711,0.000737603,0.00153165
0.0131002,0.0884711,0.000904455,0.00143943
0.0481496,0.0884711,0.00105993,0.00132911
0.0947913,0.0884711,0.00120208,0.00120208
0.141045,0.0884711,0.00132911,0.00105993
0.185813,0.0884711,0.00143943,0.000904455
0.226457,0.0884711,0.00153165,0.000737603
0.260835,0.0884711,0.0016046,0.000561475
0.287871,0.0884711,0.00165738,0.000378286
0.305478,0.0884711,0.00168931,0.00019034
0.311414,0.0884711,0.0017,-3.77476e-19
0.00073806,0.0884711,-0.0017,3.77476e-19
0.000714871,0.0884711,-0.00168931,0.00019034
0.000632469,0.0884711,-0.00165738,0.000378286
0.000474443,0.0884711,-0.0016046,0.000561475
0.000278735,0.0884711,-0.00153165,0.000737603
0.000133042,0.0884711,-0.00143943,0.000904455
0.00023638,0.0884711,-0.00132911,0.00105993
0.000357249,0.0884711,-0.00120208,0.00120208
0.000497363,0.0884711,-0.00105993,0.00132911
0.000658512,0.0884711,-0.000904455,0.00143943
0.000997281,0.0884711,-0.000737603,0.00153165
0.00151226,0.0884711,-0.000561475,0.0016046
0.00212288,0.0884711,-0.000378286,0.00165738
0.00280659,0.0884711,-0.00019034,0.00168931
0.00359227,0.0884711,-2.0022e-17,-0.0017
0.00280659,0.0884711,-0.00019034,-0.00168931
0.00212288,0.0884711,-0.000378286,-0.00165738
0.00151226,0.0884711,-0.000561475,-0.0016046
0.00099728,0.0884711,-0.000737603,-0.00153165
0.000658511,0.0884711,-0.000904455,-0.00143943
0.000497363,0.0884711,-0.00105993,-0.00132911
0.000357249,0.0884711,-0.00120208,-0.00120208
0.00023638,0.0884711,-0.00132911,-0.00105993
0.000133042,0.0884711,-0.00143943,-0.000904455
0.000278759,0.0884711,-0.00153165,-0.000737603
0.000474461,0.0884711,-0.0016046,-0.000561475
0.000632479,0.0884711,-0.00165738,-0.000378286
0.000714877,0.0884711,-0.00168931,-0.00019034
0.305478,0.0884711,0.00168931,-0.00019034
0.28787,0.0884711,0.00165738,-0.000378286
0.260834,0.0884711,0.0016046,-0.000561475
0.226456,0.0884711,0.00153165,-0.000737603
0.185812,0.0884711,0.00143943,-0.000904455
0.141044,0.0884711,0.00132911,-0.00105993
0.094791,0.0884711,0.00120208,-0.00120208
0.0481493,0.0884711,0.00105993,-0.00132911
0.0131002,0.0884711,0.000904455,-0.00143943
0.00861748,0.0884711,0.000737603,-0.00153165
0.0070627,0.0884711,0.000561475,-0.0016046
0.00574,0.0884711,0.000378286,-0.00165738
0.00456298,0.0884711,0.00019034,-0.00168931
0.00335991,0.0888126,-1.93429e-17,0.0017
0.00425233,0.0888126,0.00019034,0.00168931
0.00532565,0.0888126,0.000378286,0.00165738
0.00651897,0.0888126,0.000561475,0.0016046
0.00783518,0.0888126,0.000737603,0.00153165
0.0100294,0.0888126,0.000904455,0.00143943
0.0346746,0.0888126,0.00105993,0.00132911
0.0765962,0.0888126,0.00120208,0.00120208
0.120091,0.0888126,0.00132911,0.00105993
0.161437,0.0888126,0.00143943,0.000904455
0.200014,0.0888126,0.00153165,0.000737603
0.233845,0.0888126,0.0016046,0.000561475
0.259956,0.0888126,0.00165738,0.000378286
0.277118,0.0888126,0.00168931,0.00019034
0.283102,0.0888126,0.0017,-3.77476e-19
0.000751312,0.0888126,-0.0017,3.77476e-19
0.000720464,0.0888126,-0.00168931,0.00019034
0.000591598,0.0888126,-0.00165738,0.000378286
0.000317962,0.0888126,-0.0016046,0.000561475
8.2801e-05,0.0888126,-0.00153165,0.000737603
0.000146227,0.0888126,-0.00143943,0.000904455
0.000245837,0.0888126,-0.00132911,0.00105993
0.000362004,0.0888126,-0.00120208,0.00120208
0.000496193,0.0888126,-0.00105993,0.00132911
0.000649849,0.0888126,-0.000904455,0.00143943
0.000960656,0.0888126,-0.000737603,0.00153165
0.00142894,0.0888126,-0.000561475,0.0016046
0.00200027,0.0888126,-0.000378286,0.00165738
0.00263471,0.0888126,-0.00019034,0.00168931
0.00335991,0.0888126,-2.00978e-17,-0.0017
0.00263471,0.0888126,-0.00019034,-0.00168931
0.00200027,0.0888126,-0.000378286,-0.00165738
0.00142894,0.0888126,-0.000561475,-0.0016046
0.000960655,0.0888126,-0.000737603,-0.00153165
0.000649848,0.0888126,-0.000904455,-0.00143943
0.000496193,0.0888126,-0.00105993,-0.00132911
0.000362004,0.0888126,-0.00120208,-0.00120208
0.000245836,0.0888126,-0.00132911,-0.00105993
0.000146226,0.0888126,-0.00143943,-0.000904455
8.28246e-05,0.0888126,-0.00153165,-0.000737603
0.000317997,0.0888126,-0.0016046,-0.000561475
0.00059162,0.0888126,-0.00165738,-0.000378286
0.000720474,0.0888126,-0.00168931,-0.00019034
0.277117,0.0888126,0.00168931,-0.00019034
0.259955,0.0888126,0.00165738,-0.000378286
0.233844,0.0888126,0.0016046,-0.000561475
0.200013,0.0888126,0.00153165,-0.000737603
0.161436,0.0888126,0.00143943,-0.000904455
0.12009,0.0888126,0.00132911,-0.00105993
0.0765959,0.0888126,0.00120208,-0.00120208
0.0346743,0.0888126,0.00105993,-0.00132911
0.0100294,0.0888126,0.000904455,-0.00143943
0.00783517,0.0888126,0.000737603,-0.00153165
0.00651897,0.0888126,0.000561475,-0.0016046
0.00532565,0.0888126,0.000378286,-0.00165738
0.00425233,0.0888126,0.00019034,-0.00168931
0.00314427,0.089154,-1.94187e-17,0.0017
0.00396617,0.089154,0.00019034,0.00168931
0.00494749,0.089154,0.000378286,0.00165738
0.00602794,0.089154,0.000561475,0.0016046
0.00720699,0.089154,0.000737603,0.00153165
0.00855903,0.089154,0.000904455,0.00143943
0.0239265,0.089154,0.00105993,0.00132911
0.0598696,0.089154,0.00120208,0.00120208
0.100219,0.089154,0.00132911,0.00105993
0.139276,0.089154,0.00143943,0.000904455
0.175477,0.089154,0.00153165,0.000737603
0.207645,0.089154,0.0016046,0.000561475
0.233468,0.089154,0.00165738,0.000378286
0.24974,0.089154,0.00168931,0.00019034
0.255451,0.089154,0.0017,-3.77476e-19
0.000657001,0.089154,-0.0017,3.77476e-19
0.000611551,0.089154,-0.00168931,0.00019034
0.000444969,0.089154,-0.00165738,0.000378286
0.000126908,0.089154,-0.0016046,0.000561475
7.78136e-05,0.089154,-0.00153165,0.000737603
0.000159437,0.089154,-0.00143943,0.000904455
0.000255427,0.089154,-0.00132911,0.00105993
0.000367033,0.089154,-0.00120208,0.00120208
0.000495488,0.089154,-0.00105993,0.00132911
0.000641926,0.089154,-0.000904455,0.00143943
0.000926345,0.089154,-0.000737603,0.00153165
0.00135085,0.089154,-0.000561475,0.0016046
0.00188542,0.089154,-0.000378286,0.00165738
0.00247429,0.089154,-0.00019034,0.00168931
0.00314427,0.089154,-2.01736e-17,-0.0017
0.00247429,0.089154,-0.00019034,-0.00168931
0.00188542,0.089154,-0.000378286,-0.00165738
0.00135085,0.089154,-0.000561475,-0.0016046
0.000926344,0.089154,-0.000737603,-0.00153165
0.000641927,0.089154,-0.000904455,-0.00143943
0.000495488,0.089154,-0.00105993,-0.00132911
0.000367032,0.089154,-0.00120208,-0.00120208
0.000255427,0.089154,-0.00132911,-0.00105993
0.000159436,0.089154,-0.00143943,-0.000904455
7.78131e-05,0.089154,-0.00153165,-0.000737603
0.000126943,0.089154,-0.0016046,-0.000561475
0.000444991,0.089154,-0.00165738,-0.000378286
0.000611561,0.089154,-0.00168931,-0.00019034
0.249739,0.089154,0.00168931,-0.00019034
0.233467,0.089154,0.00165738,-0.000378286
0.207644,0.089154,0.0016046,-0.000561475
0.175476,0.089154,0.00153165,-0.000737603
0.139275,0.089154,0.00143943,-0.000904455
0.100219,0.089154,0.00132911,-0.00105993
0.0598693,0.089154,0.00120208,-0.00120208
0.0239263,0.089154,0.00105993,-0.00132911
0.00855902,0.089154,0.000904455,-0.00143943
0.00720698,0.089154,0.000737603,-0.00153165
0.00602794,0.089154,0.000561475,-0.0016046
0.00494749,0.089154,0.000378286,-0.00165738
0.00396617,0.089154,0.00019034,-0.00168931
0.00294402,0.0894954,-1.94945e-17,0.0017
0.00370231,0.0894954,0.00019034,0.00168931
0.00460188,0.0894954,0.000378286,0.00165738
0.00558352,0.0894954,0.000561475,0.0016046
0.0066445,0.0894954,0.000737603,0.00153165
0.00779438,0.0894954,0.000904455,0.00143943
0.0147354,0.0894954,0.00105993,0.00132911
0.0461715,0.0894954,0.00120208,0.00120208
0.0821152,0.0894954,0.00132911,0.00105993
0.118297,0.0894954,0.00143943,0.000904455
0.152732,0.0894954,0.00153165,0.000737603
0.182963,0.0894954,0.0016046,0.000561475
0.207753,0.0894954,0.00165738,0.000378286
0.223886,0.0894954,0.00168931,0.00019034
0.229364,0.0894954,0.0017,-3.77476e-19
0.000422487,0.0894954,-0.0017,3.77476e-19
0.000363544,0.0894954,-0.00168931,0.00019034
0.000217942,0.0894954,-0.00165738,0.000378286
8.68634e-05,0.0894954,-0.0016046,0.000561475
9.3786e-05,0.0894954,-0.00153165,0.000737603
0.000172647,0.0894954,-0.00143943,0.000904455
0.000265107,0.0894954,-0.00132911,0.00105993
0.000372272,0.0894954,-0.00120208,0.00120208
0.000495168,0.0894954,-0.00105993,0.00132911
0.000634646,0.0894954,-0.000904455,0.00143943
0.000894131,0.0894954,-0.000737603,0.00153165
0.0012776,0.0894954,-0.000561475,0.0016046
0.00177775,0.0894954,-0.000378286,0.00165738
0.0023245,0.0894954,-0.00019034,0.00168931
0.00294402,0.0894954,-2.02494e-17,-0.0017
0.0023245,0.0894954,-0.00019034,-0.00168931
0.00177775,0.0894954,-0.000378286,-0.00165738
0.0012776,0.0894954,-0.000561475,-0.0016046
0.00089413,0.0894954,-0.000737603,-0.00153165
0.000634646,0.0894954,-0.000904455,-0.00143943
0.000495168,0.0894954,-0.00105993,-0.00132911
0.000372272,0.0894954,-0.00120208,-0.00120208
0.000265107,0.0894954,-0.00132911,-0.00105993
0.000172647,0.0894954,-0.00143943,-0.000904455
9.37855e-05,0.0894954,-0.00153165,-0.000737603
8.688e-05,0.0894954,-0.0016046,-0.000561475
0.000217953,0.0894954,-0.00165738,-0.000378286
0.000363555,0.0894954,-0.00168931,-0.00019034
0.223886,0.0894954,0.00168931,-0.00019034
0.207753,0.0894954,0.00165738,-0.000378286
0.182963,0.0894954,0.0016046,-0.000561475
0.152731,0.0894954,0.00153165,-0.000737603
0.118296,0.0894954,0.00143943,-0.000904455
0.0821149,0.0894954,0.00132911,-0.00105993
0.0461712,0.0894954,0.00120208,-0.00120208
0.0147353,0.0894954,0.00105993,-0.00132911
0.00779437,0.0894954,0.000904455,-0.00143943
0.0066445,0.0894954,0.000737603,-0.00153165
0.00558352,0.0894954,0.000561475,-0.0016046
0.00460189,0.0894954,0.000378286,-0.00165738
0.00370231,0.0894954,0.00019034,-0.00168931
0.00275787,0.0898368,-1.95703e-17,0.0017
0.00345871,0.0898368,0.00019034,0.00168931
0.00428553,0.0898368,0.000378286,0.00165738
0.00518039,0.0898368,0.000561475,0.0016046
0.00613925,0.0898368,0.000737603,0.00153165
0.00716942,0.0898368,0.000904455,0.00143943
0.00941999,0.0898368,0.00105993,0.00132911
0.0338507,0.0898368,0.00120208,0.00120208
0.0660247,0.0898368,0.00132911,0.00105993
0.0994059,0.0898368,0.00143943,0.000904455
0.131233,0.0898368,0.00153165,0.000737603
0.160182,0.0898368,0.0016046,0.000561475
0.183095,0.0898368,0.00165738,0.000378286
0.19881,0.0898368,0.00168931,0.00019034
0.204252,0.0898368,0.0017,-3.77476e-19
0.000301363,0.0898368,-0.0017,3.77476e-19
0.000272627,0.0898368,-0.00168931,0.00019034
0.000172267,0.0898368,-0.00165738,0.000378286
4.53707e-05,0.0898368,-0.0016046,0.000561475
0.000109653,0.0898368,-0.00153165,0.000737603
0.000185803,0.0898368,-0.00143943,0.000904455
0.000274803,0.0898368,-0.00132911,0.00105993
0.000377629,0.0898368,-0.00120208,0.00120208
0.000495117,0.0898368,-0.00105993,0.00132911
0.000627872,0.0898368,-0.000904455,0.00143943
0.000863768,0.0898368,-0.000737603,0.00153165
0.00120876,0.0898368,-0.000561475,0.0016046
0.00167666,0.0898368,-0.000378286,0.00165738
0.00218446,0.0898368,-0.00019034,0.00168931
0.00275787,0.0898368,-2.03253e-17,-0.0017
0.00218446,0.0898368,-0.00019034,-0.00168931
0.00167666,0.0898368,-0.000378286,-0.00165738
0.00120876,0.0898368,-0.000561475,-0.0016046
0.000863764,0.0898368,-0.000737603,-0.00153165
0.000627871,0.0898368,-0.000904455,-0.00143943
0.000495116,0.0898368,-0.00105993,-0.00132911
0.000377628,0.0898368,-0.00120208,-0.00120208
0.000274803,0.0898368,-0.00132911,-0.00105993
0.000185803,0.0898368,-0.00143943,-0.000904455
0.000109653,0.0898368,-0.00153165,-0.000737603
4.53704e-05,0.0898368,-0.0016046,-0.000561475
0.000172278,0.0898368,-0.00165738,-0.000378286
0.000272633,0.0898368,-0.00168931,-0.00019034
0.19881,0.0898368,0.00168931,-0.00019034
0.183095,0.0898368,0.00165738,-0.000378286
0.160182,0.0898368,0.0016046,-0.000561475
0.131232,0.0898368,0.00153165,-0.000737603
0.0994055,0.0898368,0.00143943,-0.000904455
0.0660244,0.0898368,0.00132911,-0.00105993
0.0338505,0.0898368,0.00120208,-0.00120208
0.00941993,0.0898368,0.00105993,-0.00132911
0.00716942,0.0898368,0.000904455,-0.00143943
0.00613925,0.0898368,0.000737603,-0.00153165
0.0051804,0.0898368,0.000561475,-0.0016046
0.00428553,0.0898368,0.000378286,-0.00165738
0.00345871,0.0898368,0.00019034,-0.00168931
0.0025845,0.0901782,-1.96461e-17,0.0017
0.0032334,0.0901782,0.00019034,0.00168931
0.00399525,0.0901782,0.000378286,0.00165738
0.00481369,0.0901782,0.000561475,0.0016046
0.00568374,0.0901782,0.000737603,0.00153165
0.00661116,0.0901782,0.000904455,0.00143943
0.00760732,0.0901782,0.00105993,0.00132911
0.0238615,0.0901782,0.00120208,0.00120208
0.0512933,0.0901782,0.00132911,0.00105993
0.0821636,0.0901782,0.00143943,0.000904455
0.111698,0.0901782,0.00153165,0.000737603
0.138566,0.0901782,0.0016046,0.000561475
0.160656,0.0901782,0.00165738,0.000378286
0.174765,0.0901782,0.00168931,0.00019034
0.180033,0.0901782,0.0017,-3.77476e-19
0.000216566,0.0901782,-0.0017,3.77476e-19
0.000180815,0.0901782,-0.00168931,0.00019034
7.30847e-05,0.0901782,-0.00165738,0.000378286
6.30965e-05,0.0901782,-0.0016046,0.000561475
0.000125355,0.0901782,-0.00153165,0.000737603
0.000198828,0.0901782,-0.00143943,0.000904455
0.000284421,0.0901782,-0.00132911,0.00105993
0.00038299,0.0901782,-0.00120208,0.00120208
0.000495205,0.0901782,-0.00105993,0.00132911
0.000621455,0.0901782,-0.000904455,0.00143943
0.000834999,0.0901782,-0.000737603,0.00153165
0.00114387,0.0901782,-0.000561475,0.0016046
0.00158155,0.0901782,-0.000378286,0.00165738
0.00205327,0.0901782,-0.00019034,0.00168931
0.0025845,0.0901782,-2.04011e-17,-0.0017
0.00205327,0.0901782,-0.00019034,-0.00168931
0.00158155,0.0901782,-0.000378286,-0.00165738
0.00114387,0.0901782,-0.000561475,-0.0016046
0.000834996,0.0901782,-0.000737603,-0.00153165
0.000621455,0.0901782,-0.000904455,-0.00143943
0.000495205,0.0901782,-0.00105993,-0.00132911
0.00038299,0.0901782,-0.00120208,-0.00120208
0.000284421,0.0901782,-0.00132911,-0.00105993
0.000198828,0.0901782,-0.00143943,-0.000904455
0.000125355,0.0901782,-0.00153165,-0.000737603
6.30962e-05,0.0901782,-0.0016046,-0.000561475
7.30963e-05,0.0901782,-0.00165738,-0.000378286
0.000180821,0.0901782,-0.00168931,-0.00019034
0.174765,0.0901782,0.00168931,-0.00019034
0.160656,0.0901782,0.00165738,-0.000378286
0.138566,0.0901782,0.0016046,-0.000561475
0.111698,0.0901782,0.00153165,-0.000737603
0.0821632,0.0901782,0.00143943,-0.000904455
0.051293,0.0901782,0.00132911,-0.00105993
0.0238613,0.0901782,0.00120208,-0.00120208
0.00760731,0.0901782,0.00105993,-0.00132911
0.00661116,0.0901782,0.000904455,-0.00143943
0.00568374,0.0901782,0.000737603,-0.00153165
0.00481369,0.0901782,0.000561475,-0.0016046
0.00399525,0.0901782,0.000378286,-0.00165738
0.0032334,0.0901782,0.00019034,-0.00168931
0.00242266,0.0905197,-1.97219e-17,0.0017
0.00302447,0.0905197,0.00019034,0.00168931
0.00372812,0.0905197,0.000378286,0.00165738
0.00447895,0.0905197,0.000561475,0.0016046
0.00527137,0.0905197,0.000737603,0.00153165
0.00610999,0.0905197,0.000904455,0.00143943
0.00700424,0.0905197,0.00105993,0.00132911
0.015581,0.0905197,0.00120208,0.00120208
0.0393628,0.0905197,0.00132911,0.00105993
0.0659683,0.0905197,0.00143943,0.000904455
0.0937494,0.0905197,0.00153165,0.000737603
0.118518,0.0905197,0.0016046,0.000561475
0.13932,0.0905197,0.00165738,0.000378286
0.152989,0.0905197,0.00168931,0.00019034
0.157647,0.0905197,0.0017,-3.77476e-19
6.16025e-05,0.0905197,-0.0017,3.77476e-19
1.98674e-05,0.0905197,-0.00168931,0.00019034
3.04371e-05,0.0905197,-0.00165738,0.000378286
8.05716e-05,0.0905197,-0.0016046,0.000561475
0.000140817,0.0905197,-0.00153165,0.000737603
0.000211636,0.0905197,-0.00143943,0.000904455
0.000293864,0.0905197,-0.00132911,0.00105993
0.00038825,0.0905197,-0.00120208,0.00120208
0.000495316,0.0905197,-0.00105993,0.00132911
0.000615263,0.0905197,-0.000904455,0.00143943
0.000807598,0.0905197,-0.000737603,0.00153165
0.00108806,0.0905197,-0.000561475,0.0016046
0.00149183,0.0905197,-0.000378286,0.00165738
0.00193011,0.0905197,-0.00019034,0.00168931
0.00242266,0.0905197,-2.04769e-17,-0.0017
0.00193011,0.0905197,-0.00019034,-0.00168931
0.00149183,0.0905197,-0.000378286,-0.00165738
0.00108806,0.0905197,-0.000561475,-0.0016046
0.000807596,0.0905197,-0.000737603,-0.00153165
0.000615262,0.0905197,-0.000904455,-0.00143943
0.000495315,0.0905197,-0.00105993,-0.00132911
0.000388249,0.0905197,-0.00120208,-0.00120208
0.000293864,0.0905197,-0.00132911,-0.00105993
0.000211636,0.0905197,-0.00143943,-0.000904455
0.000140817,0.0905197,-0.00153165,-0.000737603
8.05713e-05,0.0905197,-0.0016046,-0.000561475
3.04369e-05,0.0905197,-0.00165738,-0.000378286
1.98734e-05,0.0905197,-0.00168931,-0.00019034
0.152989,0.0905197,0.00168931,-0.00019034
0.139319,0.0905197,0.00165738,-0.000378286
0.118518,0.0905197,0.0016046,-0.000561475
0.0937489,0.0905197,0.00153165,-0.000737603
0.065968,0.0905197,0.00143943,-0.000904455
0.0393625,0.0905197,0.00132911,-0.00105993
0.0155808,0.0905197,0.00120208,-0.00120208
0.00700423,0.0905197,0.00105993,-0.00132911
0.00610998,0.0905197,0.000904455,-0.00143943
0.00527136,0.0905197,0.000737603,-0.00153165
0.00447894,0.0905197,0.000561475,-0.0016046
0.00372812,0.0905197,0.000378286,-0.00165738
0.00302446,0.0905197,0.00019034,-0.00168931
0.00227129,0.0908611,-1.97977e-17,0.0017
0.00283027,0.0908611,0.00019034,0.00168931
0.00348161,0.0908611,0.000378286,0.00165738
0.00417234,0.0908611,0.000561475,0.0016046
0.00489652,0.0908611,0.000737603,0.00153165
0.00565789,0.0908611,0.000904455,0.00143943
0.00646434,0.0908611,0.00105993,0.00132911
0.0103315,0.0908611,0.00120208,0.00120208
0.0289369,0.0908611,0.00132911,0.00105993
0.0523564,0.0908611,0.00143943,0.000904455
0.0766513,0.0908611,0.00153165,0.000737603
0.10028,0.0908611,0.0016046,0.000561475
0.119073,0.0908611,0.00165738,0.000378286
0.132188,0.0908611,0.00168931,0.00019034
0.136725,0.0908611,0.0017,-3.77476e-19
0,0.0908611,-0.0017,3.77476e-19
1.15422e-05,0.0908611,-0.00168931,0.00019034
4.89994e-05,0.0908611,-0.00165738,0.000378286
9.77216e-05,0.0908611,-0.0016046,0.000561475
0.000155963,0.0908611,-0.00153165,0.000737603
0.000224148,0.0908611,-0.00143943,0.000904455
0.000303052,0.0908611,-0.00132911,0.00105993
0.000393326,0.0908611,-0.00120208,0.00120208
0.000495364,0.0908611,-0.00105993,0.00132911
0.000609204,0.0908611,-0.000904455,0.00143943
0.0007814,0.0908611,-0.000737603,0.00153165
0.00104508,0.0908611,-0.000561475,0.0016046
0.00140705,0.0908611,-0.000378286,0.00165738
0.00181426,0.0908611,-0.00019034,0.00168931
0.00227129,0.0908611,-2.05527e-17,-0.0017
0.00181426,0.0908611,-0.00019034,-0.00168931
0.00140705,0.0908611,-0.000378286,-0.00165738
0.00104508,0.0908611,-0.000561475,-0.0016046
0.000781399,0.0908611,-0.000737603,-0.00153165
0.000609204,0.0908611,-0.000904455,-0.00143943
0.000495362,0.0908611,-0.00105993,-0.00132911
0.000393325,0.0908611,-0.00120208,-0.00120208
0.000303052,0.0908611,-0.00132911,-0.00105993
0.000224148,0.0908611,-0.00143943,-0.000904455
0.000155963,0.0908611,-0.00153165,-0.000737603
9.77215e-05,0.0908611,-0.0016046,-0.000561475
4.89993e-05,0.0908611,-0.00165738,-0.000378286
1.15422e-05,0.0908611,-0.00168931,-0.00019034
0.132187,0.0908611,0.00168931,-0.00019034
0.119073,0.0908611,0.00165738,-0.000378286
0.100279,0.0908611,0.0016046,-0.000561475
0.076651,0.0908611,0.00153165,-0.000737603
0.0523561,0.0908611,0.00143943,-0.000904455
0.0289367,0.0908611,0.00132911,-0.00105993
0.0103314,0.0908611,0.00120208,-0.00120208
0.00646433,0.0908611,0.00105993,-0.00132911
0.00565788,0.0908611,0.000904455,-0.00143943
0.00489651,0.0908611,0.000737603,-0.00153165
0.00417233,0.0908611,0.000561475,-0.0016046
0.00348161,0.0908611,0.000378286,-0.00165738
0.00283027,0.0908611,0.00019034,-0.00168931
0.00212957,0.0912025,-1.98736e-17,0.0017
0.00264951,0.0912025,0.00019034,0.00168931
0.00325366,0.0912025,0.000378286,0.00165738
0.00389074,0.0912025,0.000561475,0.0016046
0.00455462,0.0912025,0.000737603,0.00153165
0.00524835,0.0912025,0.000904455,0.00143943
0.00597856,0.0912025,0.00105993,0.00132911
0.00742637,0.0912025,0.00120208,0.00120208
0.0202205,0.0912025,0.00132911,0.00105993
0.0402509,0.0912025,0.00143943,0.000904455
0.0621283,0.0912025,0.00153165,0.000737603
0.0828578,0.0912025,0.0016046,0.000561475
0.100922,0.0912025,0.00165738,0.000378286
0.112388,0.0912025,0.00168931,0.00019034
0.116681,0.0912025,0.0017,-3.77476e-19
1.53789e-05,0.0912025,-0.0017,3.77476e-19
3.05468e-05,0.0912025,-0.00168931,0.00019034
6.71635e-05,0.0912025,-0.00165738,0.000378286
0.000114476,0.0912025,-0.0016046,0.000561475
0.000170726,0.0912025,-0.00153165,0.000737603
0.000236307,0.0912025,-0.00143943,0.000904455
0.000311935,0.0912025,-0.00132911,0.00105993
0.000398179,0.0912025,-0.00120208,0.00120208
0.000495318,0.0912025,-0.00105993,0.00132911
0.000603254,0.0912025,-0.000904455,0.00143943
0.000756328,0.0912025,-0.000737603,0.00153165
0.00100406,0.0912025,-0.000561475,0.0016046
0.00132692,0.0912025,-0.000378286,0.00165738
0.00170524,0.0912025,-0.00019034,0.00168931
0.00212957,0.0912025,-2.06285e-17,-0.0017
0.00170524,0.0912025,-0.00019034,-0.00168931
0.00132691,0.0912025,-0.000378286,-0.00165738
0.00100406,0.0912025,-0.000561475,-0.0016046
0.000756327,0.0912025,-0.000737603,-0.00153165
0.000603254,0.0912025,-0.000904455,-0.00143943
0.000495317,0.0912025,-0.00105993,-0.00132911
0.000398178,0.0912025,-0.00120208,-0.00120208
0.000311935,0.0912025,-0.00132911,-0.00105993
0.000236307,0.0912025,-0.00143943,-0.000904455
0.000170726,0.0912025,-0.00153165,-0.000737603
0.000114476,0.0912025,-0.0016046,-0.000561475
6.71636e-05,0.0912025,-0.00165738,-0.000378286
3.05468e-05,0.0912025,-0.00168931,-0.00019034
0.112388,0.0912025,0.00168931,-0.00019034
0.100922,0.0912025,0.00165738,-0.000378286
0.0828575,0.0912025,0.0016046,-0.000561475
0.0621281,0.0912025,0.00153165,-0.000737603
0.0402507,0.0912025,0.00143943,-0.000904455
0.0202204,0.0912025,0.00132911,-0.00105993
0.00742631,0.0912025,0.00120208,-0.00120208
0.00597856,0.0912025,0.00105993,-0.00132911
0.00524834,0.0912025,0.000904455,-0.00143943
0.00455462,0.0912025,0.000737603,-0.00153165
0.00389074,0.0912025,0.000561475,-0.0016046
0.00325366,0.0912025,0.000378286,-0.00165738
0.00264951,0.0912025,0.00019034,-0.00168931
0.0019969,0.0915439,-1.99494e-17,0.0017
0.00248118,0.0915439,0.00019034,0.00168931
0.00304262,0.0915439,0.000378286,0.00165738
0.00363166,0.0915439,0.000561475,0.0016046
0.00424196,0.0915439,0.000737603,0.00153165
0.00487611,0.0915439,0.000904455,0.00143943
0.00553968,0.0915439,0.00105993,0.00132911
0.00623686,0.0915439,0.00120208,0.00120208
0.0134454,0.0915439,0.00132911,0.00105993
0.0303508,0.0915439,0.00143943,0.000904455
0.0488659,0.0915439,0.00153165,0.000737603
0.0677369,0.0915439,0.0016046,0.000561475
0.0836619,0.0915439,0.00165738,0.000378286
0.0947323,0.0915439,0.00168931,0.00019034
0.0985254,0.0915439,0.0017,-3.77476e-19
3.41988e-05,0.0915439,-0.0017,3.77476e-19
4.9088e-05,0.0915439,-0.00168931,0.00019034
8.48665e-05,0.0915439,-0.00165738,0.000378286
0.000130782,0.0915439,-0.0016046,0.000561475
0.000185067,0.0915439,-0.00153165,0.000737603
0.000248084,0.0915439,-0.00143943,0.000904455
0.000320501,0.0915439,-0.00132911,0.00105993
0.000402811,0.0915439,-0.00120208,0.00120208
0.000495196,0.0915439,-0.00105993,0.00132911
0.000597442,0.0915439,-0.000904455,0.00143943
0.000732369,0.0915439,-0.000737603,0.00153165
0.000964973,0.0915439,-0.000561475,0.0016046
0.00125124,0.0915439,-0.000378286,0.00165738
0.00160268,0.0915439,-0.00019034,0.00168931
0.0019969,0.0915439,-2.07043e-17,-0.0017
0.00160268,0.0915439,-0.00019034,-0.00168931
0.00125124,0.0915439,-0.000378286,-0.00165738
0.000964971,0.0915439,-0.000561475,-0.0016046
0.000732367,0.0915439,-0.000737603,-0.00153165
0.000597441,0.0915439,-0.000904455,-0.00143943
0.000495196,0.0915439,-0.00105993,-0.00132911
0.000402811,0.0915439,-0.00120208,-0.00120208
0.000320501,0.0915439,-0.00132911,-0.00105993
0.000248084,0.0915439,-0.00143943,-0.000904455
0.000185067,0.0915439,-0.00153165,-0.000737603
0.000130782,0.0915439,-0.0016046,-0.000561475
8.48665e-05,0.0915439,-0.00165738,-0.000378286
4.9088e-05,0.0915439,-0.00168931,-0.00019034
0.0947322,0.0915439,0.00168931,-0.00019034
0.0836616,0.0915439,0.00165738,-0.000378286
0.0677367,0.0915439,0.0016046,-0.000561475
0.0488657,0.0915439,0.00153165,-0.000737603
0.0303506,0.0915439,0.00143943,-0.000904455
0.0134453,0.0915439,0.00132911,-0.00105993
0.00623685,0.0915439,0.00120208,-0.00120208
0.00553967,0.0915439,0.00105993,-0.00132911
0.00487611,0.0915439,0.000904455,-0.00143943
0.00424196,0.0915439,0.000737603,-0.00153165
0.00363166,0.0915439,0.000561475,-0.0016046
0.00304262,0.0915439,0.000378286,-0.00165738
0.00248118,0.0915439,0.00019034,-0.00168931
0.00187277,0.0918854,-2.00252e-17,0.0017
0.00232445,0.0918854,0.00019034,0.00168931
0.00284716,0.0918854,0.000378286,0.00165738
0.00339302,0.0918854,0.000561475,0.0016046
0.00395554,0.0918854,0.000737603,0.00153165
0.00453693,0.0918854,0.000904455,0.00143943
0.0051419,0.0918854,0.00105993,0.00132911
0.00577355,0.0918854,0.00120208,0.00120208
0.00915462,0.0918854,0.00132911,0.00105993
0.0218179,0.0918854,0.00143943,0.000904455
0.0380298,0.0918854,0.00153165,0.000737603
0.0540107,0.0918854,0.0016046,0.000561475
0.0683354,0.0918854,0.00165738,0.000378286
0.0779861,0.0918854,0.00168931,0.00019034
0.0816412,0.0918854,0.0017,-3.77476e-19
5.24994e-05,0.0918854,-0.0017,3.77476e-19
6.71127e-05,0.0918854,-0.00168931,0.00019034
0.000102065,0.0918854,-0.00165738,0.000378286
0.000146609,0.0918854,-0.0016046,0.000561475
0.000198967,0.0918854,-0.00153165,0.000737603
0.000259479,0.0918854,-0.00143943,0.000904455
0.000328765,0.0918854,-0.00132911,0.00105993
0.000407253,0.0918854,-0.00120208,0.00120208
0.000495041,0.0918854,-0.00105993,0.00132911
0.000591819,0.0918854,-0.000904455,0.00143943
0.000709533,0.0918854,-0.000737603,0.00153165
0.000927822,0.0918854,-0.000561475,0.0016046
0.00117987,0.0918854,-0.000378286,0.00165738
0.00150632,0.0918854,-0.00019034,0.00168931
0.00187277,0.0918854,-2.07801e-17,-0.0017
0.00150632,0.0918854,-0.00019034,-0.00168931
0.00117987,0.0918854,-0.000378286,-0.00165738
0.00092782,0.0918854,-0.000561475,-0.0016046
0.000709531,0.0918854,-0.000737603,-0.00153165
0.000591818,0.0918854,-0.000904455,-0.00143943
0.000495041,0.0918854,-0.00105993,-0.00132911
0.000407253,0.0918854,-0.00120208,-0.00120208
0.000328765,0.0918854,-0.00132911,-0.00105993
0.000259479,0.0918854,-0.00143943,-0.000904455
0.000198967,0.0918854,-0.00153165,-0.000737603
0.000146609,0.0918854,-0.0016046,-0.000561475
0.000102065,0.0918854,-0.00165738,-0.000378286
6.71127e-05,0.0918854,-0.00168931,-0.00019034
0.077986,0.0918854,0.00168931,-0.00019034
0.0683352,0.0918854,0.00165738,-0.000378286
0.0540104,0.0918854,0.0016046,-0.000561475
0.0380296,0.0918854,0.00153165,-0.000737603
0.0218177,0.0918854,0.00143943,-0.000904455
0.00915453,0.0918854,0.00132911,-0.00105993
0.00577354,0.0918854,0.00120208,-0.00120208
0.0051419,0.0918854,0.00105993,-0.00132911
0.00453693,0.0918854,0.000904455,-0.00143943
0.00395554,0.0918854,0.000737603,-0.00153165
0.00339302,0.0918854,0.000561475,-0.0016046
0.00284716,0.0918854,0.000378286,-0.00165738
0.00232444,0.0918854,0.00019034,-0.00168931
0.00175675,0.0922268,-2.0101e-17,0.0017
0.00217859,0.0922268,0.00019034,0.00168931
0.00266615,0.0922268,0.000378286,0.00165738
0.00317308,0.0922268,0.000561475,0.0016046
0.00369287,0.0922268,0.000737603,0.00153165
0.00422737,0.0922268,0.000904455,0.00143943
0.00478057,0.0922268,0.00105993,0.00132911
0.00535466,0.0922268,0.00120208,0.00120208
0.00653527,0.0922268,0.00132911,0.00105993
0.0146228,0.0922268,0.00143943,0.000904455
0.0282612,0.0922268,0.00153165,0.000737603
0.0423954,0.0922268,0.0016046,0.000561475
0.0546765,0.0922268,0.00165738,0.000378286
0.0633495,0.0922268,0.00168931,0.00019034
0.0663073,0.0922268,0.0017,-3.77476e-19
7.02429e-05,0.0922268,-0.0017,3.77476e-19
8.45871e-05,0.0922268,-0.00168931,0.00019034
0.000118734,0.0922268,-0.00165738,0.000378286
0.000161941,0.0922268,-0.0016046,0.000561475
0.000212424,0.0922268,-0.00153165,0.000737603
0.000270498,0.0922268,-0.00143943,0.000904455
0.000336745,0.0922268,-0.00132911,0.00105993
0.000411535,0.0922268,-0.00120208,0.00120208
0.000494895,0.0922268,-0.00105993,0.00132911
0.000586433,0.0922268,-0.000904455,0.00143943
0.00068782,0.0922268,-0.000737603,0.00153165
0.000892601,0.0922268,-0.000561475,0.0016046
0.00111265,0.0922268,-0.000378286,0.00165738
0.00141591,0.0922268,-0.00019034,0.00168931
0.00175675,0.0922268,-2.08559e-17,-0.0017
0.00141591,0.0922268,-0.00019034,-0.00168931
0.00111265,0.0922268,-0.000378286,-0.00165738
0.000892598,0.0922268,-0.000561475,-0.0016046
0.000687818,0.0922268,-0.000737603,-0.00153165
0.000586432,0.0922268,-0.000904455,-0.00143943
0.000494895,0.0922268,-0.00105993,-0.00132911
0.000411536,0.0922268,-0.00120208,-0.00120208
0.000336745,0.0922268,-0.00132911,-0.00105993
0.000270498,0.0922268,-0.00143943,-0.000904455
0.000212424,0.0922268,-0.00153165,-0.000737603
0.000161941,0.0922268,-0.0016046,-0.000561475
0.000118734,0.0922268,-0.00165738,-0.000378286
8.45871e-05,0.0922268,-0.00168931,-0.00019034
0.0633494,0.0922268,0.00168931,-0.00019034
0.0546762,0.0922268,0.00165738,-0.000378286
0.0423952,0.0922268,0.0016046,-0.000561475
0.0282611,0.0922268,0.00153165,-0.000737603
0.0146227,0.0922268,0.00143943,-0.000904455
0.00653523,0.0922268,0.00132911,-0.00105993
0.00535466,0.0922268,0.00120208,-0.00120208
0.00478056,0.0922268,0.00105993,-0.00132911
0.00422737,0.0922268,0.000904455,-0.00143943
0.00369287,0.0922268,0.000737603,-0.00153165
0.00317308,0.0922268,0.000561475,-0.0016046
0.00266615,0.0922268,0.000378286,-0.00165738
0.00217859,0.0922268,0.00019034,-0.00168931
0.00164843,0.0925682,-2.01768e-17,0.0017
0.00204296,0.0925682,0.00019034,0.00168931
0.00249861,0.0925682,0.000378286,0.00165738
0.0029704,0.0925682,0.000561475,0.0016046
0.00345189,0.0925682,0.000737603,0.00153165
0.00394457,0.0925682,0.000904455,0.00143943
0.00445184,0.0925682,0.00105993,0.00132911
0.00497518,0.0925682,0.00120208,0.00120208
0.00551086,0.0925682,0.00132911,0.00105993
0.00985185,0.0925682,0.00143943,0.000904455
0.0202799,0.0925682,0.00153165,0.000737603
0.0320156,0.0925682,0.0016046,0.000561475
0.0429005,0.0925682,0.00165738,0.000378286
0.0502036,0.0925682,0.00168931,0.00019034
0.0530018,0.0925682,0.0017,-3.77476e-19
8.74034e-05,0.0925682,-0.0017,3.77476e-19
0.000101487,0.0925682,-0.00168931,0.00019034
0.000134854,0.0925682,-0.00165738,0.000378286
0.000176765,0.0925682,-0.0016046,0.000561475
0.000225428,0.0925682,-0.00153165,0.000737603
0.000281139,0.0925682,-0.00143943,0.000904455
0.000344445,0.0925682,-0.00132911,0.00105993
0.000415666,0.0925682,-0.00120208,0.00120208
0.00049477,0.0925682,-0.00105993,0.00132911
0.0005813,0.0925682,-0.000904455,0.00143943
0.000674329,0.0925682,-0.000737603,0.00153165
0.000859267,0.0925682,-0.000561475,0.0016046
0.00105707,0.0925682,-0.000378286,0.00165738
0.00133117,0.0925682,-0.00019034,0.00168931
0.00164843,0.0925682,-2.09317e-17,-0.0017
0.00133117,0.0925682,-0.00019034,-0.00168931
0.00105707,0.0925682,-0.000378286,-0.00165738
0.000859264,0.0925682,-0.000561475,-0.0016046
0.000674329,0.0925682,-0.000737603,-0.00153165
0.0005813,0.0925682,-0.000904455,-0.00143943
0.000494769,0.0925682,-0.00105993,-0.00132911
0.000415666,0.0925682,-0.00120208,-0.00120208
0.000344445,0.0925682,-0.00132911,-0.00105993
0.000281139,0.0925682,-0.00143943,-0.000904455
0.000225428,0.0925682,-0.00153165,-0.000737603
0.000176765,0.0925682,-0.0016046,-0.000561475
0.000134854,0.0925682,-0.00165738,-0.000378286
0.000101487,0.0925682,-0.00168931,-0.00019034
0.0502035,0.0925682,0.00168931,-0.00019034
0.0429003,0.0925682,0.00165738,-0.000378286
0.0320154,0.0925682,0.0016046,-0.000561475
0.0202798,0.0925682,0.00153165,-0.000737603
0.00985176,0.0925682,0.00143943,-0.000904455
0.00551085,0.0925682,0.00132911,-0.00105993
0.00497517,0.0925682,0.00120208,-0.00120208
0.00445184,0.0925682,0.00105993,-0.00132911
0.00394457,0.0925682,0.000904455,-0.00143943
0.00345189,0.0925682,0.000737603,-0.00153165
0.0029704,0.0925682,0.000561475,-0.0016046
0.00249861,0.0925682,0.000378286,-0.00165738
0.00204296,0.0925682,0.00019034,-0.00168931
0.00154737,0.0929096,-2.02526e-17,0.0017
0.00191691,0.0929096,0.00019034,0.00168931
0.00234358,0.0929096,0.000378286,0.00165738
0.00278365,0.0929096,0.000561475,0.0016046
0.00323074,0.0929096,0.000737603,0.00153165
0.00368605,0.0929096,0.000904455,0.00143943
0.00415247,0.0929096,0.00105993,0.00132911
0.00463089,0.0929096,0.00120208,0.00120208
0.00511723,0.0929096,0.00132911,0.00105993
0.00682279,0.0929096,0.00143943,0.000904455
0.013656,0.0929096,0.00153165,0.000737603
0.02356,0.0929096,0.0016046,0.000561475
0.0324833,0.0929096,0.00165738,0.000378286
0.039049,0.0929096,0.00168931,0.00019034
0.0412912,0.0929096,0.0017,-3.77476e-19
0.000103953,0.0929096,-0.0017,3.77476e-19
0.000117786,0.0929096,-0.00168931,0.00019034
0.000150397,0.0929096,-0.00165738,0.000378286
0.000191052,0.0929096,-0.0016046,0.000561475
0.000237952,0.0929096,-0.00153165,0.000737603
0.000291374,0.0929096,-0.00143943,0.000904455
0.000351838,0.0929096,-0.00132911,0.00105993
0.000419621,0.0929096,-0.00120208,0.00120208
0.000494643,0.0929096,-0.00105993,0.00132911
0.0005764,0.0929096,-0.000904455,0.00143943
0.000663919,0.0929096,-0.000737603,0.00153165
0.000827735,0.0929096,-0.000561475,0.0016046
0.00101218,0.0929096,-0.000378286,0.00165738
0.0012518,0.0929096,-0.00019034,0.00168931
0.00154737,0.0929096,-2.10076e-17,-0.0017
0.0012518,0.0929096,-0.00019034,-0.00168931
0.00101217,0.0929096,-0.000378286,-0.00165738
0.000827734,0.0929096,-0.000561475,-0.0016046
0.000663919,0.0929096,-0.000737603,-0.00153165
0.0005764,0.0929096,-0.000904455,-0.00143943
0.000494643,0.0929096,-0.00105993,-0.00132911
0.000419622,0.0929096,-0.00120208,-0.00120208
0.000351838,0.0929096,-0.00132911,-0.00105993
0.000291374,0.0929096,-0.00143943,-0.000904455
0.000237951,0.0929096,-0.00153165,-0.000737603
0.000191051,0.0929096,-0.0016046,-0.000561475
0.000150397,0.0929096,-0.00165738,-0.000378286
0.000117786,0.0929096,-0.00168931,-0.00019034
0.0390489,0.0929096,0.00168931,-0.00019034
0.0324832,0.0929096,0.00165738,-0.000378286
0.0235599,0.0929096,0.0016046,-0.000561475
0.0136559,0.0929096,0.00153165,-0.000737603
0.00682273,0.0929096,0.00143943,-0.000904455
0.00511722,0.0929096,0.00132911,-0.00105993
0.00463088,0.0929096,0.00120208,-0.00120208
0.00415247,0.0929096,0.00105993,-0.00132911
0.00368605,0.0929096,0.000904455,-0.00143943
0.00323074,0.0929096,0.000737603,-0.00153165
0.00278365,0.0929096,0.000561475,-0.0016046
0.00234358,0.0929096,0.000378286,-0.00165738
0.00191691,0.0929096,0.00019034,-0.00168931
0.00145306,0.093251,-2.03284e-17,0.0017
0.00179977,0.093251,0.00019034,0.00168931
0.0022001,0.093251,0.000378286,0.00165738
0.0026115,0.093251,0.000561475,0.0016046
0.00302766,0.093251,0.000737603,0.00153165
0.00344949,0.093251,0.000904455,0.00143943
0.00387949,0.093251,0.00105993,0.00132911
0.00431804,0.093251,0.00120208,0.00120208
0.00476083,0.093251,0.00132911,0.00105993
0.00519603,0.093251,0.00143943,0.000904455
0.00899213,0.093251,0.00153165,0.000737603
0.0161577,0.093251,0.0016046,0.000561475
0.0238365,0.093251,0.00165738,0.000378286
0.0290759,0.093251,0.00168931,0.00019034
0.031053,0.093251,0.0017,-3.77476e-19
0.000119854,0.093251,-0.0017,3.77476e-19
0.000133442,0.093251,-0.00168931,0.00019034
0.000165321,0.093251,-0.00165738,0.000378286
0.000204755,0.093251,-0.0016046,0.000561475
0.000249945,0.093251,-0.00153165,0.000737603
0.000301153,0.093251,-0.00143943,0.000904455
0.000358872,0.093251,-0.00132911,0.00105993
0.000423349,0.093251,-0.00120208,0.00120208
0.000494465,0.093251,-0.00105993,0.00132911
0.00057168,0.093251,-0.000904455,0.00143943
0.000653994,0.093251,-0.000737603,0.00153165
0.000797886,0.093251,-0.000561475,0.0016046
0.000969887,0.093251,-0.000378286,0.00165738
0.00117744,0.093251,-0.00019034,0.00168931
0.00145306,0.093251,-2.10834e-17,-0.0017
0.00117744,0.093251,-0.00019034,-0.00168931
0.000969886,0.093251,-0.000378286,-0.00165738
0.000797885,0.093251,-0.000561475,-0.0016046
0.000653994,0.093251,-0.000737603,-0.00153165
0.000571679,0.093251,-0.000904455,-0.00143943
0.000494465,0.093251,-0.00105993,-0.00132911
0.00042335,0.093251,-0.00120208,-0.00120208
0.000358872,0.093251,-0.00132911,-0.00105993
0.000301153,0.093251,-0.00143943,-0.000904455
0.000249945,0.093251,-0.00153165,-0.000737603
0.000204755,0.093251,-0.0016046,-0.000561475
0.000165321,0.093251,-0.00165738,-0.000378286
0.000133442,0.093251,-0.00168931,-0.00019034
0.0290759,0.093251,0.00168931,-0.00019034
0.0238365,0.093251,0.00165738,-0.000378286
0.0161576,0.093251,0.0016046,-0.000561475
0.00899206,0.093251,0.00153165,-0.000737603
0.00519602,0.093251,0.00143943,-0.000904455
0.00476082,0.093251,0.00132911,-0.00105993
0.00431803,0.093251,0.00120208,-0.00120208
0.00387949,0.093251,0.00105993,-0.00132911
0.00344949,0.093251,0.000904455,-0.00143943
0.00302766,0.093251,0.000737603,-0.00153165
0.0026115,0.093251,0.000561475,-0.0016046
0.0022001,0.093251,0.000378286,-0.00165738
0.00179977,0.093251,0.00019034,-0.00168931
0.00136498,0.0935925,-2.04042e-17,0.0017
0.00169079,0.0935925,0.00019034,0.00168931
0.00206716,0.0935925,0.000378286,0.00165738
0.00245262,0.0935925,0.000561475,0.0016046
0.00284088,0.0935925,0.000737603,0.00153165
0.00323267,0.0935925,0.000904455,0.00143943
0.00363009,0.0935925,0.00105993,0.00132911
0.00403313,0.0935925,0.00120208,0.00120208
0.00443736,0.0935925,0.00132911,0.00105993
0.00483146,0.0935925,0.00143943,0.000904455
0.00619401,0.0935925,0.00153165,0.000737603
0.0107821,0.0935925,0.0016046,0.000561475
0.0163937,0.0935925,0.00165738,0.000378286
0.020952,0.0935925,0.00168931,0.00019034
0.0225577,0.0935925,0.0017,-3.77476e-19
0.000135059,0.0935925,-0.0017,3.77476e-19
0.000148408,0.0935925,-0.00168931,0.00019034
0.000179571,0.0935925,-0.00165738,0.000378286
0.000217818,0.0935925,-0.0016046,0.000561475
0.000261348,0.0935925,-0.00153165,0.000737603
0.000310412,0.0935925,-0.00143943,0.000904455
0.000365483,0.0935925,-0.00132911,0.00105993
0.000426784,0.0935925,-0.00120208,0.00120208
0.000494167,0.0935925,-0.00105993,0.00132911
0.000567068,0.0935925,-0.000904455,0.00143943
0.000644474,0.0935925,-0.000737603,0.00153165
0.000769577,0.0935925,-0.000561475,0.0016046
0.00093,0.0935925,-0.000378286,0.00165738
0.00110772,0.0935925,-0.00019034,0.00168931
0.00136498,0.0935925,-2.11592e-17,-0.0017
0.00110772,0.0935925,-0.00019034,-0.00168931
0.000929999,0.0935925,-0.000378286,-0.00165738
0.000769577,0.0935925,-0.000561475,-0.0016046
0.000644474,0.0935925,-0.000737603,-0.00153165
0.000567068,0.0935925,-0.000904455,-0.00143943
0.000494166,0.0935925,-0.00105993,-0.00132911
0.000426784,0.0935925,-0.00120208,-0.00120208
0.000365483,0.0935925,-0.00132911,-0.00105993
0.000310412,0.0935925,-0.00143943,-0.000904455
0.000261348,0.0935925,-0.00153165,-0.000737603
0.000217818,0.0935925,-0.0016046,-0.000561475
0.000179571,0.0935925,-0.00165738,-0.000378286
0.000148408,0.0935925,-0.00168931,-0.00019034
0.020952,0.0935925,0.00168931,-0.00019034
0.0163936,0.0935925,0.00165738,-0.000378286
0.010782,0.0935925,0.0016046,-0.000561475
0.00619397,0.0935925,0.00153165,-0.000737603
0.00483146,0.0935925,0.00143943,-0.000904455
0.00443735,0.0935925,0.00132911,-0.00105993
0.00403313,0.0935925,0.00120208,-0.00120208
0.00363009,0.0935925,0.00105993,-0.00132911
0.00323267,0.0935925,0.000904455,-0.00143943
0.00284088,0.0935925,0.000737603,-0.00153165
0.00245261,0.0935925,0.000561475,-0.0016046
0.00206716,0.0935925,0.000378286,-0.00165738
0.00169079,0.0935925,0.00019034,-0.00168931
0.00128258,0.0939339,-2.048e-17,0.0017
0.00158923,0.0939339,0.00019034,0.00168931
0.00194374,0.0939339,0.000378286,0.00165738
0.00230564,0.0939339,0.000561475,0.0016046
0.00266868,0.0939339,0.000737603,0.00153165
0.0030334,0.0939339,0.000904455,0.00143943
0.00340158,0.0939339,0.00105993,0.00132911
0.0037729,0.0939339,0.00120208,0.00120208
0.00414286,0.0939339,0.00132911,0.00105993
0.00450068,0.0939339,0.00143943,0.000904455
0.00482799,0.0939339,0.00153165,0.000737603
0.00715733,0.0939339,0.0016046,0.000561475
0.0109458,0.0939339,0.00165738,0.000378286
0.0141518,0.0939339,0.00168931,0.00019034
0.0153463,0.0939339,0.0017,-3.77476e-19
0.000149522,0.0939339,-0.0017,3.77476e-19
0.000162636,0.0939339,-0.00168931,0.00019034
0.000193096,0.0939339,-0.00165738,0.000378286
0.000230187,0.0939339,-0.0016046,0.000561475
0.000272105,0.0939339,-0.00153165,0.000737603
0.000319094,0.0939339,-0.00143943,0.000904455
0.000371613,0.0939339,-0.00132911,0.00105993
0.000429868,0.0939339,-0.00120208,0.00120208
0.000493689,0.0939339,-0.00105993,0.00132911
0.0005625,0.0939339,-0.000904455,0.00143943
0.000635283,0.0939339,-0.000737603,0.00153165
0.000742665,0.0939339,-0.000561475,0.0016046
0.000892306,0.0939339,-0.000378286,0.00165738
0.00104403,0.0939339,-0.00019034,0.00168931
0.00128258,0.0939339,-2.1235e-17,-0.0017
0.00104403,0.0939339,-0.00019034,-0.00168931
0.000892306,0.0939339,-0.000378286,-0.00165738
0.000742665,0.0939339,-0.000561475,-0.0016046
0.000635283,0.0939339,-0.000737603,-0.00153165
0.0005625,0.0939339,-0.000904455,-0.00143943
0.000493689,0.0939339,-0.00105993,-0.00132911
0.000429868,0.0939339,-0.00120208,-0.00120208
0.000371614,0.0939339,-0.00132911,-0.00105993
0.000319094,0.0939339,-0.00143943,-0.000904455
0.000272104,0.0939339,-0.00153165,-0.000737603
0.000230187,0.0939339,-0.0016046,-0.000561475
0.000193097,0.0939339,-0.00165738,-0.000378286
0.000162636,0.0939339,-0.00168931,-0.00019034
0.0141518,0.0939339,0.00168931,-0.00019034
0.0109458,0.0939339,0.00165738,-0.000378286
0.00715728,0.0939339,0.0016046,-0.000561475
0.00482798,0.0939339,0.00153165,-0.000737603
0.00450067,0.0939339,0.00143943,-0.000904455
0.00414285,0.0939339,0.00132911,-0.00105993
0.0037729,0.0939339,0.00120208,-0.00120208
0.00340158,0.0939339,0.00105993,-0.00132911
0.0030334,0.0939339,0.000904455,-0.00143943
0.00266868,0.0939339,0.000737603,-0.00153165
0.00230564,0.0939339,0.000561475,-0.0016046
0.00194374,0.0939339,0.000378286,-0.00165738
0.00158923,0.0939339,0.00019034,-0.00168931
0.00120538,0.0942753,-2.05558e-17,0.0017
0.00149441,0.0942753,0.00019034,0.00168931
0.00182889,0.0942753,0.000378286,0.00165738
0.00216933,0.0942753,0.000561475,0.0016046
0.00250948,0.0942753,0.000737603,0.00153165
0.00284973,0.0942753,0.000904455,0.00143943
0.00319155,0.0942753,0.00105993,0.00132911
0.0035344,0.0942753,0.00120208,0.00120208
0.00387377,0.0942753,0.00132911,0.00105993
0.00419942,0.0942753,0.00143943,0.000904455
0.00449439,0.0942753,0.00153165,0.000737603
0.00490254,0.0942753,0.0016046,0.000561475
0.00718076,0.0942753,0.00165738,0.000378286
0.00917034,0.0942753,0.00168931,0.00019034
0.0101197,0.0942753,0.0017,-3.77476e-19
0.000163206,0.0942753,-0.0017,3.77476e-19
0.000176087,0.0942753,-0.00168931,0.00019034
0.000205859,0.0942753,-0.00165738,0.000378286
0.000241822,0.0942753,-0.0016046,0.000561475
0.000282177,0.0942753,-0.00153165,0.000737603
0.000327164,0.0942753,-0.00143943,0.000904455
0.000377229,0.0942753,-0.00132911,0.00105993
0.000432566,0.0942753,-0.00120208,0.00120208
0.000492995,0.0942753,-0.00105993,0.00132911
0.000557932,0.0942753,-0.000904455,0.00143943
0.000626362,0.0942753,-0.000737603,0.00153165
0.000717039,0.0942753,-0.000561475,0.0016046
0.000856633,0.0942753,-0.000378286,0.00165738
0.000997595,0.0942753,-0.00019034,0.00168931
0.00120538,0.0942753,-2.13108e-17,-0.0017
0.000997593,0.0942753,-0.00019034,-0.00168931
0.000856631,0.0942753,-0.000378286,-0.00165738
0.000717037,0.0942753,-0.000561475,-0.0016046
0.000626363,0.0942753,-0.000737603,-0.00153165
0.000557932,0.0942753,-0.000904455,-0.00143943
0.000492995,0.0942753,-0.00105993,-0.00132911
0.000432566,0.0942753,-0.00120208,-0.00120208
0.000377229,0.0942753,-0.00132911,-0.00105993
0.000327163,0.0942753,-0.00143943,-0.000904455
0.000282177,0.0942753,-0.00153165,-0.000737603
0.000241822,0.0942753,-0.0016046,-0.000561475
0.000205859,0.0942753,-0.00165738,-0.000378286
0.000176087,0.0942753,-0.00168931,-0.00019034
0.00917032,0.0942753,0.00168931,-0.00019034
0.00718072,0.0942753,0.00165738,-0.000378286
0.00490252,0.0942753,0.0016046,-0.000561475
0.00449438,0.0942753,0.00153165,-0.000737603
0.00419942,0.0942753,0.00143943,-0.000904455
0.00387377,0.0942753,0.00132911,-0.00105993
0.0035344,0.0942753,0.00120208,-0.00120208
0.00319155,0.0942753,0.00105993,-0.00132911
0.00284973,0.0942753,0.000904455,-0.00143943
0.00250948,0.0942753,0.000737603,-0.00153165
0.00216933,0.0942753,0.000561475,-0.0016046
0.00182889,0.0942753,0.000378286,-0.00165738
0.0014944,0.0942753,0.00019034,-0.00168931
0.00113299,0.0946167,-2.06317e-17,0.0017
0.00140575,0.0946167,0.00019034,0.00168931
0.00172185,0.0946167,0.000378286,0.00165738
0.00204264,0.0946167,0.000561475,0.0016046
0.00236194,0.0946167,0.000737603,0.00153165
0.00267994,0.0946167,0.000904455,0.00143943
0.00299791,0.0946167,0.00105993,0.00132911
0.0033151,0.0946167,0.00120208,0.00120208
0.00362704,0.0946167,0.00132911,0.00105993
0.00392402,0.0946167,0.00143943,0.000904455
0.00419039,0.0946167,0.00153165,0.000737603
0.00440509,0.0946167,0.0016046,0.000561475
0.00480105,0.0946167,0.00165738,0.000378286
0.00596534,0.0946167,0.00168931,0.00019034
0.00652829,0.0946167,0.0017,-3.77476e-19
0.000176093,0.0946167,-0.0017,3.77476e-19
0.000188745,0.0946167,-0.00168931,0.00019034
0.000217844,0.0946167,-0.00165738,0.000378286
0.000252711,0.0946167,-0.0016046,0.000561475
0.000291556,0.0946167,-0.00153165,0.000737603
0.000334613,0.0946167,-0.00143943,0.000904455
0.000382325,0.0946167,-0.00132911,0.00105993
0.000434877,0.0946167,-0.00120208,0.00120208
0.000492081,0.0946167,-0.00105993,0.00132911
0.000553355,0.0946167,-0.000904455,0.00143943
0.00061769,0.0946167,-0.000737603,0.00153165
0.00069263,0.0946167,-0.000561475,0.0016046
0.000822853,0.0946167,-0.000378286,0.00165738
0.00095383,0.0946167,-0.00019034,0.00168931
0.00113299,0.0946167,-2.13866e-17,-0.0017
0.00095383,0.0946167,-0.00019034,-0.00168931
0.000822851,0.0946167,-0.000378286,-0.00165738
0.000692628,0.0946167,-0.000561475,-0.0016046
0.00061769,0.0946167,-0.000737603,-0.00153165
0.000553355,0.0946167,-0.000904455,-0.00143943
0.000492081,0.0946167,-0.00105993,-0.00132911
0.000434877,0.0946167,-0.00120208,-0.00120208
0.000382325,0.0946167,-0.00132911,-0.00105993
0.000334612,0.0946167,-0.00143943,-0.000904455
0.000291555,0.0946167,-0.00153165,-0.000737603
0.000252711,0.0946167,-0.0016046,-0.000561475
0.000217844,0.0946167,-0.00165738,-0.000378286
0.000188745,0.0946167,-0.00168931,-0.00019034
0.00596533,0.0946167,0.00168931,-0.00019034
0.00480103,0.0946167,0.00165738,-0.000378286
0.00440509,0.0946167,0.0016046,-0.000561475
0.00419038,0.0946167,0.00153165,-0.000737603
0.00392402,0.0946167,0.00143943,-0.000904455
0.00362704,0.0946167,0.00132911,-0.00105993
0.0033151,0.0946167,0.00120208,-0.00120208
0.00299791,0.0946167,0.00105993,-0.00132911
0.00267994,0.0946167,0.000904455,-0.00143943
0.00236193,0.0946167,0.000737603,-0.00153165
0.00204264,0.0946167,0.000561475,-0.0016046
0.00172185,0.0946167,0.000378286,-0.00165738
0.00140575,0.0946167,0.00019034,-0.00168931
0.00106509,0.0949582,-2.07075e-17,0.0017
0.0013228,0.0949582,0.00019034,0.00168931
0.00162197,0.0949582,0.000378286,0.00165738
0.00192472,0.0949582,0.000561475,0.0016046
0.00222492,0.0949582,0.000737603,0.00153165
0.00252263,0.0949582,0.000904455,0.00143943
0.00281891,0.0949582,0.00105993,0.00132911
0.00311286,0.0949582,0.00120208,0.00120208
0.00340008,0.0949582,0.00132911,0.00105993
0.00367139,0.0949582,0.00143943,0.000904455
0.00391233,0.0949582,0.00153165,0.000737603
0.00410381,0.0949582,0.0016046,0.000561475
0.00422602,0.0949582,0.00165738,0.000378286
0.00427022,0.0949582,0.00168931,0.00019034
0.00436365,0.0949582,0.0017,-3.77476e-19
0.000188191,0.0949582,-0.0017,3.77476e-19
0.000200618,0.0949582,-0.00168931,0.00019034
0.000229062,0.0949582,-0.00165738,0.000378286
0.00026287,0.0949582,-0.0016046,0.000561475
0.00030026,0.0949582,-0.00153165,0.000737603
0.000341467,0.0949582,-0.00143943,0.000904455
0.00038693,0.0949582,-0.00132911,0.00105993
0.000436829,0.0949582,-0.00120208,0.00120208
0.000490975,0.0949582,-0.00105993,0.00132911
0.000548789,0.0949582,-0.000904455,0.00143943
0.000609276,0.0949582,-0.000737603,0.00153165
0.000671117,0.0949582,-0.000561475,0.0016046
0.000790881,0.0949582,-0.000378286,0.00165738
0.000912587,0.0949582,-0.00019034,0.00168931
0.00106509,0.0949582,-2.14624e-17,-0.0017
0.000912586,0.0949582,-0.00019034,-0.00168931
0.00079088,0.0949582,-0.000378286,-0.00165738
0.000671117,0.0949582,-0.000561475,-0.0016046
0.000609276,0.0949582,-0.000737603,-0.00153165
0.000548788,0.0949582,-0.000904455,-0.00143943
0.000490974,0.0949582,-0.00105993,-0.00132911
0.000436828,0.0949582,-0.00120208,-0.00120208
0.000386929,0.0949582,-0.00132911,-0.00105993
0.000341466,0.0949582,-0.00143943,-0.000904455
0.00030026,0.0949582,-0.00153165,-0.000737603
0.00026287,0.0949582,-0.0016046,-0.000561475
0.000229062,0.0949582,-0.00165738,-0.000378286
0.000200618,0.0949582,-0.00168931,-0.00019034
0.00427022,0.0949582,0.00168931,-0.00019034
0.00422602,0.0949582,0.00165738,-0.000378286
0.00410381,0.0949582,0.0016046,-0.000561475
0.00391232,0.0949582,0.00153165,-0.000737603
0.00367139,0.0949582,0.00143943,-0.000904455
0.00340007,0.0949582,0.00132911,-0.00105993
0.00311286,0.0949582,0.00120208,-0.00120208
0.00281891,0.0949582,0.00105993,-0.00132911
0.00252263,0.0949582,0.000904455,-0.00143943
0.00222492,0.0949582,0.000737603,-0.00153165
0.00192472,0.0949582,0.000561475,-0.0016046
0.00162196,0.0949582,0.000378286,-0.00165738
0.0013228,0.0949582,0.00019034,-0.00168931
0.00100764,0.0952996,-2.07833e-17,0.0017
0.0012452,0.0952996,0.00019034,0.00168931
0.00152872,0.0952996,0.000378286,0.00165738
0.00181486,0.0952996,0.000561475,0.0016046
0.00209752,0.0952996,0.000737603,0.00153165
0.00237664,0.0952996,0.000904455,0.00143943
0.00265312,0.0952996,0.00105993,0.00132911
0.00292592,0.0952996,0.00120208,0.00120208
0.00319076,0.0952996,0.00132911,0.00105993
0.00343898,0.0952996,0.00143943,0.000904455
0.00365721,0.0952996,0.00153165,0.000737603
0.00382814,0.0952996,0.0016046,0.000561475
0.00393417,0.0952996,0.00165738,0.000378286
0.00396861,0.0952996,0.00168931,0.00019034
0.00396825,0.0952996,0.0017,-3.77476e-19
0.000199531,0.0952996,-0.0017,3.77476e-19
0.00021174,0.0952996,-0.00168931,0.00019034
0.000239551,0.0952996,-0.00165738,0.000378286
0.000272342,0.0952996,-0.0016046,0.000561475
0.000308337,0.0952996,-0.00153165,0.000737603
0.000347774,0.0952996,-0.00143943,0.000904455
0.000391093,0.0952996,-0.00132911,0.00105993
0.000438472,0.0952996,-0.00120208,0.00120208
0.000489723,0.0952996,-0.00105993,0.00132911
0.000544275,0.0952996,-0.000904455,0.00143943
0.000601148,0.0952996,-0.000737603,0.00153165
0.000659055,0.0952996,-0.000561475,0.0016046
0.000760668,0.0952996,-0.000378286,0.00165738
0.000873748,0.0952996,-0.00019034,0.00168931
0.00100764,0.0952996,-2.15382e-17,-0.0017
0.000873747,0.0952996,-0.00019034,-0.00168931
0.000760667,0.0952996,-0.000378286,-0.00165738
0.000659055,0.0952996,-0.000561475,-0.0016046
0.000601147,0.0952996,-0.000737603,-0.00153165
0.000544274,0.0952996,-0.000904455,-0.00143943
0.000489723,0.0952996,-0.00105993,-0.00132911
0.000438471,0.0952996,-0.00120208,-0.00120208
0.000391093,0.0952996,-0.00132911,-0.00105993
0.000347774,0.0952996,-0.00143943,-0.000904455
0.000308337,0.0952996,-0.00153165,-0.000737603
0.000272342,0.0952996,-0.0016046,-0.000561475
0.000239551,0.0952996,-0.00165738,-0.000378286
0.00021174,0.0952996,-0.00168931,-0.00019034
0.00396861,0.0952996,0.00168931,-0.00019034
0.00393417,0.0952996,0.00165738,-0.000378286
0.00382814,0.0952996,0.0016046,-0.000561475
0.0036572,0.0952996,0.00153165,-0.000737603
0.00343898,0.0952996,0.00143943,-0.000904455
0.00319075,0.0952996,0.00132911,-0.00105993
0.00292592,0.0952996,0.00120208,-0.00120208
0.00265312,0.0952996,0.00105993,-0.00132911
0.00237664,0.0952996,0.000904455,-0.00143943
0.00209752,0.0952996,0.000737603,-0.00153165
0.00181486,0.0952996,0.000561475,-0.0016046
0.00152872,0.0952996,0.000378286,-0.00165738
0.0012452,0.0952996,0.00019034,-0.00168931
0.000962666,0.095641,-2.08591e-17,0.0017
0.00117262,0.095641,0.00019034,0.00168931
0.00144166,0.095641,0.000378286,0.00165738
0.00171248,0.095641,0.000561475,0.0016046
0.00197898,0.095641,0.000737603,0.00153165
0.00224103,0.095641,0.000904455,0.00143943
0.00249936,0.095641,0.00105993,0.00132911
0.00275285,0.095641,0.00120208,0.00120208
0.00299735,0.095641,0.00132911,0.00105993
0.00322473,0.095641,0.00143943,0.000904455
0.00342261,0.095641,0.00153165,0.000737603
0.00357527,0.095641,0.0016046,0.000561475
0.00366706,0.095641,0.00165738,0.000378286
0.00369301,0.095641,0.00168931,0.00019034
0.00369001,0.095641,0.0017,-3.77476e-19
0.000210164,0.095641,-0.0017,3.77476e-19
0.000222165,0.095641,-0.00168931,0.00019034
0.000249369,0.095641,-0.00165738,0.000378286
0.000281185,0.095641,-0.0016046,0.000561475
0.000315847,0.095641,-0.00153165,0.000737603
0.000353599,0.095641,-0.00143943,0.000904455
0.000394879,0.095641,-0.00132911,0.00105993
0.000439868,0.095641,-0.00120208,0.00120208
0.000488382,0.095641,-0.00105993,0.00132911
0.000539859,0.095641,-0.000904455,0.00143943
0.00059334,0.095641,-0.000737603,0.00153165
0.000647566,0.095641,-0.000561475,0.0016046
0.000732172,0.095641,-0.000378286,0.00165738
0.000837223,0.095641,-0.00019034,0.00168931
0.000962666,0.095641,-2.1614e-17,-0.0017
0.000837222,0.095641,-0.00019034,-0.00168931
0.000732171,0.095641,-0.000378286,-0.00165738
0.000647566,0.095641,-0.000561475,-0.0016046
0.00059334,0.095641,-0.000737603,-0.00153165
0.000539859,0.095641,-0.000904455,-0.00143943
0.000488381,0.095641,-0.00105993,-0.00132911
0.000439868,0.095641,-0.00120208,-0.00120208
0.000394879,0.095641,-0.00132911,-0.00105993
0.000353599,0.095641,-0.00143943,-0.000904455
0.000315847,0.095641,-0.00153165,-0.000737603
0.000281185,0.095641,-0.0016046,-0.000561475
0.000249369,0.095641,-0.00165738,-0.000378286
0.000222165,0.095641,-0.00168931,-0.00019034
0.00369301,0.095641,0.00168931,-0.00019034
0.00366706,0.095641,0.00165738,-0.000378286
0.00357527,0.095641,0.0016046,-0.000561475
0.00342261,0.095641,0.00153165,-0.000737603
0.00322473,0.095641,0.00143943,-0.000904455
0.00299735,0.095641,0.00132911,-0.00105993
0.00275285,0.095641,0.00120208,-0.00120208
0.00249935,0.095641,0.00105993,-0.00132911
0.00224103,0.095641,0.000904455,-0.00143943
0.00197898,0.095641,0.000737603,-0.00153165
0.00171248,0.095641,0.000561475,-0.0016046
0.00144166,0.095641,0.000378286,-0.00165738
0.00117262,0.095641,0.00019034,-0.00168931
0.000920516,0.0959824,-2.09349e-17,0.0017
0.00110478,0.0959824,0.00019034,0.00168931
0.00136041,0.0959824,0.000378286,0.00165738
0.00161708,0.0959824,0.000561475,0.0016046
0.00186867,0.0959824,0.000737603,0.00153165
0.002115,0.0959824,0.000904455,0.00143943
0.00235666,0.0959824,0.00105993,0.00132911
0.00259249,0.0959824,0.00120208,0.00120208
0.00281848,0.0959824,0.00132911,0.00105993
0.00302699,0.0959824,0.00143943,0.000904455
0.0032066,0.0959824,0.00153165,0.000737603
0.00334298,0.0959824,0.0016046,0.000561475
0.0034222,0.0959824,0.00165738,0.000378286
0.00344073,0.0959824,0.00168931,0.00019034
0.00343545,0.0959824,0.0017,-3.77476e-19
0.000220151,0.0959824,-0.0017,3.77476e-19
0.000231952,0.0959824,-0.00168931,0.00019034
0.000258578,0.0959824,-0.00165738,0.000378286
0.000289463,0.0959824,-0.0016046,0.000561475
0.000322858,0.0959824,-0.00153165,0.000737603
0.000359005,0.0959824,-0.00143943,0.000904455
0.00039835,0.0959824,-0.00132911,0.00105993
0.000441074,0.0959824,-0.00120208,0.00120208
0.000487003,0.0959824,-0.00105993,0.00132911
0.000535585,0.0959824,-0.000904455,0.00143943
0.000585884,0.0959824,-0.000737603,0.00153165
0.000636667,0.0959824,-0.000561475,0.0016046
0.00070534,0.0959824,-0.000378286,0.00165738
0.000802922,0.0959824,-0.00019034,0.00168931
0.000920516,0.0959824,-2.16899e-17,-0.0017
0.000802921,0.0959824,-0.00019034,-0.00168931
0.000705338,0.0959824,-0.000378286,-0.00165738
0.000636667,0.0959824,-0.000561475,-0.0016046
0.000585884,0.0959824,-0.000737603,-0.00153165
0.000535584,0.0959824,-0.000904455,-0.00143943
0.000487002,0.0959824,-0.00105993,-0.00132911
0.000441074,0.0959824,-0.00120208,-0.00120208
0.00039835,0.0959824,-0.00132911,-0.00105993
0.000359006,0.0959824,-0.00143943,-0.000904455
0.000322858,0.0959824,-0.00153165,-0.000737603
0.000289463,0.0959824,-0.0016046,-0.000561475
0.000258578,0.0959824,-0.00165738,-0.000378286
0.000231953,0.0959824,-0.00168931,-0.00019034
0.00344073,0.0959824,0.00168931,-0.00019034
0.0034222,0.0959824,0.00165738,-0.000378286
0.00334298,0.0959824,0.0016046,-0.000561475
0.0032066,0.0959824,0.00153165,-0.000737603
0.00302699,0.0959824,0.00143943,-0.000904455
0.00281848,0.0959824,0.00132911,-0.00105993
0.00259249,0.0959824,0.00120208,-0.00120208
0.00235666,0.0959824,0.00105993,-0.00132911
0.002115,0.0959824,0.000904455,-0.00143943
0.00186867,0.0959824,0.000737603,-0.00153165
0.00161708,0.0959824,0.000561475,-0.0016046
0.00136042,0.0959824,0.000378286,-0.00165738
0.00110478,0.0959824,0.00019034,-0.00168931
0.000881053,0.0963238,-2.10107e-17,0.0017
0.00104139,0.0963238,0.00019034,0.00168931
0.00128462,0.0963238,0.000378286,0.00165738
0.00152819,0.0963238,0.000561475,0.0016046
0.00176603,0.0963238,0.000737603,0.00153165
0.00199787,0.0963238,0.000904455,0.00143943
0.00222421,0.0963238,0.00105993,0.00132911
0.00244387,0.0963238,0.00120208,0.00120208
0.002653,0.0963238,0.00132911,0.00105993
0.00284443,0.0963238,0.00143943,0.000904455
0.00300761,0.0963238,0.00153165,0.000737603
0.00312945,0.0963238,0.0016046,0.000561475
0.00319755,0.0963238,0.00165738,0.000378286
0.00320958,0.0963238,0.00168931,0.00019034
0.00320234,0.0963238,0.0017,-3.77476e-19
0.000229545,0.0963238,-0.0017,3.77476e-19
0.000241157,0.0963238,-0.00168931,0.00019034
0.000267232,0.0963238,-0.00165738,0.000378286
0.000297233,0.0963238,-0.0016046,0.000561475
0.000329421,0.0963238,-0.00153165,0.000737603
0.000364045,0.0963238,-0.00143943,0.000904455
0.000401553,0.0963238,-0.00132911,0.00105993
0.000442136,0.0963238,-0.00120208,0.00120208
0.000485624,0.0963238,-0.00105993,0.00132911
0.000531483,0.0963238,-0.000904455,0.00143943
0.000578798,0.0963238,-0.000737603,0.00153165
0.000626368,0.0963238,-0.000561475,0.0016046
0.000680121,0.0963238,-0.000378286,0.00165738
0.000770752,0.0963238,-0.00019034,0.00168931
0.000881053,0.0963238,-2.17657e-17,-0.0017
0.000770752,0.0963238,-0.00019034,-0.00168931
0.000680121,0.0963238,-0.000378286,-0.00165738
0.000626368,0.0963238,-0.000561475,-0.0016046
0.000578798,0.0963238,-0.000737603,-0.00153165
0.000531484,0.0963238,-0.000904455,-0.00143943
0.000485625,0.0963238,-0.00105993,-0.00132911
0.000442136,0.0963238,-0.00120208,-0.00120208
0.000401553,0.0963238,-0.00132911,-0.00105993
0.000364045,0.0963238,-0.00143943,-0.000904455
0.000329421,0.0963238,-0.00153165,-0.000737603
0.000297233,0.0963238,-0.0016046,-0.000561475
0.000267232,0.0963238,-0.00165738,-0.000378286
0.000241157,0.0963238,-0.00168931,-0.00019034
0.00320958,0.0963238,0.00168931,-0.00019034
0.00319755,0.0963238,0.00165738,-0.000378286
0.00312945,0.0963238,0.0016046,-0.000561475
0.0030076,0.0963238,0.00153165,-0.000737603
0.00284443,0.0963238,0.00143943,-0.000904455
0.002653,0.0963238,0.00132911,-0.00105993
0.00244387,0.0963238,0.00120208,-0.00120208
0.00222421,0.0963238,0.00105993,-0.00132911
0.00199787,0.0963238,0.000904455,-0.00143943
0.00176603,0.0963238,0.000737603,-0.00153165
0.00152819,0.0963238,0.000561475,-0.0016046
0.00128462,0.0963238,0.000378286,-0.00165738
0.00104139,0.0963238,0.00019034,-0.00168931
0.000844129,0.0966653,-2.10865e-17,0.0017
0.000991553,0.0966653,0.00019034,0.00168931
0.00121393,0.0966653,0.000378286,0.00165738
0.00144539,0.0966653,0.000561475,0.0016046
0.00167052,0.0966653,0.000737603,0.00153165
0.00188901,0.0966653,0.000904455,0.00143943
0.00210128,0.0966653,0.00105993,0.00132911
0.00230613,0.0966653,0.00120208,0.00120208
0.0024999,0.0966653,0.00132911,0.00105993
0.00267586,0.0966653,0.00143943,0.000904455
0.00282424,0.0966653,0.00153165,0.000737603
0.00293312,0.0966653,0.0016046,0.000561475
0.00299136,0.0966653,0.00165738,0.000378286
0.00299771,0.0966653,0.00168931,0.00019034
0.00298876,0.0966653,0.0017,-3.77476e-19
0.000238389,0.0966653,-0.0017,3.77476e-19
0.000249821,0.0966653,-0.00168931,0.00019034
0.000275372,0.0966653,-0.00165738,0.000378286
0.000304532,0.0966653,-0.0016046,0.000561475
0.000335572,0.0966653,-0.00153165,0.000737603
0.000368752,0.0966653,-0.00143943,0.000904455
0.000404522,0.0966653,-0.00132911,0.00105993
0.000443081,0.0966653,-0.00120208,0.00120208
0.00048427,0.0966653,-0.00105993,0.00132911
0.000527571,0.0966653,-0.000904455,0.00143943
0.000572091,0.0966653,-0.000737603,0.00153165
0.000616659,0.0966653,-0.000561475,0.0016046
0.000660186,0.0966653,-0.000378286,0.00165738
0.000740614,0.0966653,-0.00019034,0.00168931
0.000844129,0.0966653,-2.18415e-17,-0.0017
0.000740613,0.0966653,-0.00019034,-0.00168931
0.000660185,0.0966653,-0.000378286,-0.00165738
0.000616659,0.0966653,-0.000561475,-0.0016046
0.000572091,0.0966653,-0.000737603,-0.00153165
0.000527572,0.0966653,-0.000904455,-0.00143943
0.00048427,0.0966653,-0.00105993,-0.00132911
0.000443081,0.0966653,-0.00120208,-0.00120208
0.000404522,0.0966653,-0.00132911,-0.00105993
0.000368752,0.0966653,-0.00143943,-0.000904455
0.000335572,0.0966653,-0.00153165,-0.000737603
0.000304532,0.0966653,-0.0016046,-0.000561475
0.000275372,0.0966653,-0.00165738,-0.000378286
0.000249821,0.0966653,-0.00168931,-0.00019034
0.00299771,0.0966653,0.00168931,-0.00019034
0.00299136,0.0966653,0.00165738,-0.000378286
0.00293312,0.0966653,0.0016046,-0.000561475
0.00282424,0.0966653,0.00153165,-0.000737603
0.00267586,0.0966653,0.00143943,-0.000904455
0.0024999,0.0966653,0.00132911,-0.00105993
0.00230613,0.0966653,0.00120208,-0.00120208
0.00210128,0.0966653,0.00105993,-0.00132911
0.00188901,0.0966653,0.000904455,-0.00143943
0.00167052,0.0966653,0.000737603,-0.00153165
0.00144539,0.0966653,0.000561475,-0.0016046
0.00121393,0.0966653,0.000378286,-0.00165738
0.000991554,0.0966653,0.00019034,-0.00168931
0.000809588,0.0970067,-2.11623e-17,0.0017
0.000949966,0.0970067,0.00019034,0.00168931
0.00114797,0.0970067,0.000378286,0.00165738
0.00136822,0.0970067,0.000561475,0.0016046
0.00158161,0.0970067,0.000737603,0.00153165
0.0017878,0.0970067,0.000904455,0.00143943
0.00198713,0.0970067,0.00105993,0.00132911
0.00217843,0.0970067,0.00120208,0.00120208
0.0023582,0.0970067,0.00132911,0.00105993
0.00252014,0.0970067,0.00143943,0.000904455
0.00265522,0.0970067,0.00153165,0.000737603
0.0027525,0.0970067,0.0016046,0.000561475
0.00280202,0.0970067,0.00165738,0.000378286
0.00280337,0.0970067,0.00168931,0.00019034
0.00279293,0.0970067,0.0017,-3.77476e-19
0.000246715,0.0970067,-0.0017,3.77476e-19
0.000257975,0.0970067,-0.00168931,0.00019034
0.000283026,0.0970067,-0.00165738,0.000378286
0.000311386,0.0970067,-0.0016046,0.000561475
0.000341337,0.0970067,-0.00153165,0.000737603
0.000373147,0.0970067,-0.00143943,0.000904455
0.000407273,0.0970067,-0.00132911,0.00105993
0.000443922,0.0970067,-0.00120208,0.00120208
0.000482949,0.0970067,-0.00105993,0.00132911
0.00052385,0.0970067,-0.000904455,0.00143943
0.000565754,0.0970067,-0.000737603,0.00153165
0.00060752,0.0970067,-0.000561475,0.0016046
0.0006481,0.0970067,-0.000378286,0.00165738
0.000712388,0.0970067,-0.00019034,0.00168931
0.000809587,0.0970067,-2.19173e-17,-0.0017
0.000712386,0.0970067,-0.00019034,-0.00168931
0.000648098,0.0970067,-0.000378286,-0.00165738
0.00060752,0.0970067,-0.000561475,-0.0016046
0.000565753,0.0970067,-0.000737603,-0.00153165
0.000523849,0.0970067,-0.000904455,-0.00143943
0.000482949,0.0970067,-0.00105993,-0.00132911
0.000443922,0.0970067,-0.00120208,-0.00120208
0.000407273,0.0970067,-0.00132911,-0.00105993
0.000373147,0.0970067,-0.00143943,-0.000904455
0.000341337,0.0970067,-0.00153165,-0.000737603
0.000311386,0.0970067,-0.0016046,-0.000561475
0.000283026,0.0970067,-0.00165738,-0.000378286
0.000257975,0.0970067,-0.00168931,-0.00019034
0.00280337,0.0970067,0.00168931,-0.00019034
0.00280202,0.0970067,0.00165738,-0.000378286
0.0027525,0.0970067,0.0016046,-0.000561475
0.00265522,0.0970067,0.00153165,-0.000737603
0.00252014,0.0970067,0.00143943,-0.000904455
0.00235819,0.0970067,0.00132911,-0.00105993
0.00217843,0.0970067,0.00120208,-0.00120208
0.00198713,0.0970067,0.00105993,-0.00132911
0.0017878,0.0970067,0.000904455,-0.00143943
0.00158161,0.0970067,0.000737603,-0.00153165
0.00136822,0.0970067,0.000561475,-0.0016046
0.00114797,0.0970067,0.000378286,-0.00165738
0.000949966,0.0970067,0.00019034,-0.00168931
0.000777258,0.0973481,-2.12381e-17,0.0017
0.000911076,0.0973481,0.00019034,0.00168931
0.00108638,0.0973481,0.000378286,0.00165738
0.00129624,0.0973481,0.000561475,0.0016046
0.00149877,0.0973481,0.000737603,0.00153165
0.0016936,0.0973481,0.000904455,0.00143943
0.00188102,0.0973481,0.00105993,0.00132911
0.00205989,0.0973481,0.00120208,0.00120208
0.00222689,0.0973481,0.00132911,0.00105993
0.00237612,0.0973481,0.00143943,0.000904455
0.00249921,0.0973481,0.00153165,0.000737603
0.00258612,0.0973481,0.0016046,0.000561475
0.00262788,0.0973481,0.00165738,0.000378286
0.00262484,0.0973481,0.00168931,0.00019034
0.00261311,0.0973481,0.0017,-3.77476e-19
0.000254553,0.0973481,-0.0017,3.77476e-19
0.000265648,0.0973481,-0.00168931,0.00019034
0.000290221,0.0973481,-0.00165738,0.000378286
0.000317819,0.0973481,-0.0016046,0.000561475
0.000346736,0.0973481,-0.00153165,0.000737603
0.000377248,0.0973481,-0.00143943,0.000904455
0.00040982,0.0973481,-0.00132911,0.00105993
0.000444668,0.0973481,-0.00120208,0.00120208
0.000481661,0.0973481,-0.00105993,0.00132911
0.000520311,0.0973481,-0.000904455,0.00143943
0.000559769,0.0973481,-0.000737603,0.00153165
0.000598921,0.0973481,-0.000561475,0.0016046
0.000636755,0.0973481,-0.000378286,0.00165738
0.00068595,0.0973481,-0.00019034,0.00168931
0.000777258,0.0973481,-2.19931e-17,-0.0017
0.000685949,0.0973481,-0.00019034,-0.00168931
0.000636754,0.0973481,-0.000378286,-0.00165738
0.00059892,0.0973481,-0.000561475,-0.0016046
0.000559768,0.0973481,-0.000737603,-0.00153165
0.00052031,0.0973481,-0.000904455,-0.00143943
0.000481661,0.0973481,-0.00105993,-0.00132911
0.000444668,0.0973481,-0.00120208,-0.00120208
0.000409821,0.0973481,-0.00132911,-0.00105993
0.000377248,0.0973481,-0.00143943,-0.000904455
0.000346737,0.0973481,-0.00153165,-0.000737603
0.000317819,0.0973481,-0.0016046,-0.000561475
0.000290221,0.0973481,-0.00165738,-0.000378286
0.000265647,0.0973481,-0.00168931,-0.00019034
0.00262484,0.0973481,0.00168931,-0.00019034
0.00262788,0.0973481,0.00165738,-0.000378286
0.00258612,0.0973481,0.0016046,-0.000561475
0.0024992,0.0973481,0.00153165,-0.000737603
0.00237612,0.0973481,0.00143943,-0.000904455
0.00222689,0.0973481,0.00132911,-0.00105993
0.00205989,0.0973481,0.00120208,-0.00120208
0.00188102,0.0973481,0.00105993,-0.00132911
0.0016936,0.0973481,0.000904455,-0.00143943
0.00149877,0.0973481,0.000737603,-0.00153165
0.00129624,0.0973481,0.000561475,-0.0016046
0.00108638,0.0973481,0.000378286,-0.00165738
0.000911076,0.0973481,0.00019034,-0.00168931
0.000746967,0.0976895,-2.1314e-17,0.0017
0.000874658,0.0976895,0.00019034,0.00168931
0.00102878,0.0976895,0.000378286,0.00165738
0.00122898,0.0976895,0.000561475,0.0016046
0.00142143,0.0976895,0.000737603,0.00153165
0.00160575,0.0976895,0.000904455,0.00143943
0.00178219,0.0976895,0.00105993,0.00132911
0.00194964,0.0976895,0.00120208,0.00120208
0.00210496,0.0976895,0.00132911,0.00105993
0.00224263,0.0976895,0.00143943,0.000904455
0.00235488,0.0976895,0.00153165,0.000737603
0.00243249,0.0976895,0.0016046,0.000561475
0.00246735,0.0976895,0.00165738,0.000378286
0.00246042,0.0976895,0.00168931,0.00019034
0.00244757,0.0976895,0.0017,-3.77476e-19
0.000261939,0.0976895,-0.0017,3.77476e-19
0.000272874,0.0976895,-0.00168931,0.00019034
0.00029699,0.0976895,-0.00165738,0.000378286
0.000323863,0.0976895,-0.0016046,0.000561475
0.000351798,0.0976895,-0.00153165,0.000737603
0.000381079,0.0976895,-0.00143943,0.000904455
0.000412183,0.0976895,-0.00132911,0.00105993
0.000445333,0.0976895,-0.00120208,0.00120208
0.000480412,0.0976895,-0.00105993,0.00132911
0.00051695,0.0976895,-0.000904455,0.00143943
0.000554118,0.0976895,-0.000737603,0.00153165
0.000590828,0.0976895,-0.000561475,0.0016046
0.000626102,0.0976895,-0.000378286,0.00165738
0.000661172,0.0976895,-0.00019034,0.00168931
0.000746968,0.0976895,-2.20689e-17,-0.0017
0.000661172,0.0976895,-0.00019034,-0.00168931
0.000626101,0.0976895,-0.000378286,-0.00165738
0.000590828,0.0976895,-0.000561475,-0.0016046
0.000554119,0.0976895,-0.000737603,-0.00153165
0.00051695,0.0976895,-0.000904455,-0.00143943
0.000480412,0.0976895,-0.00105993,-0.00132911
0.000445333,0.0976895,-0.00120208,-0.00120208
0.000412183,0.0976895,-0.00132911,-0.00105993
0.00038108,0.0976895,-0.00143943,-0.000904455
0.000351798,0.0976895,-0.00153165,-0.000737603
0.000323863,0.0976895,-0.0016046,-0.000561475
0.00029699,0.0976895,-0.00165738,-0.000378286
0.000272873,0.0976895,-0.00168931,-0.00019034
0.00246042,0.0976895,0.00168931,-0.00019034
0.00246735,0.0976895,0.00165738,-0.000378286
0.00243249,0.0976895,0.0016046,-0.000561475
0.00235488,0.0976895,0.00153165,-0.000737603
0.00224263,0.0976895,0.00143943,-0.000904455
0.00210496,0.0976895,0.00132911,-0.00105993
0.00194964,0.0976895,0.00120208,-0.00120208
0.00178219,0.0976895,0.00105993,-0.00132911
0.00160575,0.0976895,0.000904455,-0.00143943
0.00142143,0.0976895,0.000737603,-0.00153165
0.00122898,0.0976895,0.000561475,-0.0016046
0.00102878,0.0976895,0.000378286,-0.00165738
0.00087466,0.0976895,0.00019034,-0.00168931
0.00071855,0.098031,-2.13898e-17,0.0017
0.0008405,0.098031,0.00019034,0.00168931
0.000986634,0.098031,0.000378286,0.00165738
0.00116601,0.098031,0.000561475,0.0016046
0.00134908,0.098031,0.000737603,0.00153165
0.00152363,0.098031,0.000904455,0.00143943
0.0016899,0.098031,0.00105993,0.00132911
0.00184681,0.098031,0.00120208,0.00120208
0.00199141,0.098031,0.00132911,0.00105993
0.00211853,0.098031,0.00143943,0.000904455
0.00222096,0.098031,0.00153165,0.000737603
0.00229019,0.098031,0.0016046,0.000561475
0.00231887,0.098031,0.00165738,0.000378286
0.00230851,0.098031,0.00168931,0.00019034
0.00229468,0.098031,0.0017,-3.77476e-19
0.000268918,0.098031,-0.0017,3.77476e-19
0.000279701,0.098031,-0.00168931,0.00019034
0.000303379,0.098031,-0.00165738,0.000378286
0.00032956,0.098031,-0.0016046,0.000561475
0.000356562,0.098031,-0.00153165,0.000737603
0.000384677,0.098031,-0.00143943,0.000904455
0.00041439,0.098031,-0.00132911,0.00105993
0.000445937,0.098031,-0.00120208,0.00120208
0.000479214,0.098031,-0.00105993,0.00132911
0.000513766,0.098031,-0.000904455,0.00143943
0.000548787,0.098031,-0.000737603,0.00153165
0.000583209,0.098031,-0.000561475,0.0016046
0.000616088,0.098031,-0.000378286,0.00165738
0.000648401,0.098031,-0.00019034,0.00168931
0.000718551,0.098031,-2.21447e-17,-0.0017
0.0006484,0.098031,-0.00019034,-0.00168931
0.000616088,0.098031,-0.000378286,-0.00165738
0.000583209,0.098031,-0.000561475,-0.0016046
0.000548787,0.098031,-0.000737603,-0.00153165
0.000513766,0.098031,-0.000904455,-0.00143943
0.000479214,0.098031,-0.00105993,-0.00132911
0.000445937,0.098031,-0.00120208,-0.00120208
0.00041439,0.098031,-0.00132911,-0.00105993
0.000384677,0.098031,-0.00143943,-0.000904455
0.000356562,0.098031,-0.00153165,-0.000737603
0.00032956,0.098031,-0.0016046,-0.000561475
0.000303379,0.098031,-0.00165738,-0.000378286
0.000279701,0.098031,-0.00168931,-0.00019034
0.00230851,0.098031,0.00168931,-0.00019034
0.00231887,0.098031,0.00165738,-0.000378286
0.00229019,0.098031,0.0016046,-0.000561475
0.00222096,0.098031,0.00153165,-0.000737603
0.00211853,0.098031,0.00143943,-0.000904455
0.00199141,0.098031,0.00132911,-0.00105993
0.00184681,0.098031,0.00120208,-0.00120208
0.0016899,0.098031,0.00105993,-0.00132911
0.00152363,0.098031,0.000904455,-0.00143943
0.00134908,0.098031,0.000737603,-0.00153165
0.00116601,0.098031,0.000561475,-0.0016046
0.000986637,0.098031,0.000378286,-0.00165738
0.000840502,0.098031,0.00019034,-0.00168931
0.000691848,0.0983724,-2.14656e-17,0.0017
0.000808399,0.0983724,0.00019034,0.00168931
0.000948564,0.0983724,0.000378286,0.00165738
0.00110691,0.0983724,0.000561475,0.0016046
0.00128121,0.0983724,0.000737603,0.00153165
0.00144665,0.0983724,0.000904455,0.00143943
0.00160346,0.0983724,0.00105993,0.00132911
0.00175062,0.0983724,0.00120208,0.00120208
0.00188533,0.0983724,0.00132911,0.00105993
0.00200279,0.0983724,0.00143943,0.000904455
0.00209627,0.0983724,0.00153165,0.000737603
0.00215791,0.0983724,0.0016046,0.000561475
0.00218105,0.0983724,0.00165738,0.000378286
0.00216765,0.0983724,0.00168931,0.00019034
0.00215295,0.0983724,0.0017,-3.77476e-19
0.00027555,0.0983724,-0.0017,3.77476e-19
0.000286186,0.0983724,-0.00168931,0.00019034
0.000309444,0.0983724,-0.00165738,0.000378286
0.000334964,0.0983724,-0.0016046,0.000561475
0.000361077,0.0983724,-0.00153165,0.000737603
0.000388084,0.0983724,-0.00143943,0.000904455
0.00041648,0.0983724,-0.00132911,0.00105993
0.00044651,0.0983724,-0.00120208,0.00120208
0.000478084,0.0983724,-0.00105993,0.00132911
0.000510763,0.0983724,-0.000904455,0.00143943
0.00054376,0.0983724,-0.000737603,0.00153165
0.000576032,0.0983724,-0.000561475,0.0016046
0.000606663,0.0983724,-0.000378286,0.00165738
0.000636645,0.0983724,-0.00019034,0.00168931
0.000691848,0.0983724,-2.22205e-17,-0.0017
0.000636644,0.0983724,-0.00019034,-0.00168931
0.000606663,0.0983724,-0.000378286,-0.00165738
0.000576033,0.0983724,-0.000561475,-0.0016046
0.00054376,0.0983724,-0.000737603,-0.00153165
0.000510762,0.0983724,-0.000904455,-0.00143943
0.000478084,0.0983724,-0.00105993,-0.00132911
0.00044651,0.0983724,-0.00120208,-0.00120208
0.00041648,0.0983724,-0.00132911,-0.00105993
0.000388084,0.0983724,-0.00143943,-0.000904455
0.000361077,0.0983724,-0.00153165,-0.000737603
0.000334964,0.0983724,-0.0016046,-0.000561475
0.000309445,0.0983724,-0.00165738,-0.000378286
0.000286186,0.0983724,-0.00168931,-0.00019034
0.00216765,0.0983724,0.00168931,-0.00019034
0.00218105,0.0983724,0.00165738,-0.000378286
0.00215791,0.0983724,0.0016046,-0.000561475
0.00209627,0.0983724,0.00153165,-0.000737603
0.00200279,0.0983724,0.00143943,-0.000904455
0.00188533,0.0983724,0.00132911,-0.00105993
0.00175061,0.0983724,0.00120208,-0.00120208
0.00160346,0.0983724,0.00105993,-0.00132911
0.00144665,0.0983724,0.000904455,-0.00143943
0.00128121,0.0983724,0.000737603,-0.00153165
0.00110691,0.0983724,0.000561475,-0.0016046
0.000948565,0.0983724,0.000378286,-0.00165738
0.0008084,0.0983724,0.00019034,-0.00168931
0.000666713,0.0987138,-2.15414e-17,0.0017
0.000778167,0.0987138,0.00019034,0.00168931
0.000912705,0.0987138,0.000378286,0.00165738
0.00105133,0.0987138,0.000561475,0.0016046
0.00121738,0.0987138,0.000737603,0.00153165
0.00137429,0.0987138,0.000904455,0.00143943
0.00152226,0.0987138,0.00105993,0.00132911
0.00166035,0.0987138,0.00120208,0.00120208
0.00178592,0.0987138,0.00132911,0.00105993
0.00189448,0.0987138,0.00143943,0.000904455
0.00197978,0.0987138,0.00153165,0.000737603
0.00203454,0.0987138,0.0016046,0.000561475
0.00205268,0.0987138,0.00165738,0.000378286
0.00203657,0.0987138,0.00168931,0.00019034
0.00202111,0.0987138,0.0017,-3.77476e-19
0.000281895,0.0987138,-0.0017,3.77476e-19
0.000292389,0.0987138,-0.00168931,0.00019034
0.000315246,0.0987138,-0.00165738,0.000378286
0.000340133,0.0987138,-0.0016046,0.000561475
0.000365398,0.0987138,-0.00153165,0.000737603
0.00039135,0.0987138,-0.00143943,0.000904455
0.000418493,0.0987138,-0.00132911,0.00105993
0.000447083,0.0987138,-0.00120208,0.00120208
0.000477042,0.0987138,-0.00105993,0.00132911
0.000507947,0.0987138,-0.000904455,0.00143943
0.000539031,0.0987138,-0.000737603,0.00153165
0.000569272,0.0987138,-0.000561475,0.0016046
0.000597782,0.0987138,-0.000378286,0.00165738
0.000625567,0.0987138,-0.00019034,0.00168931
0.000666712,0.0987138,-2.22963e-17,-0.0017
0.000625566,0.0987138,-0.00019034,-0.00168931
0.000597782,0.0987138,-0.000378286,-0.00165738
0.000569272,0.0987138,-0.000561475,-0.0016046
0.000539031,0.0987138,-0.000737603,-0.00153165
0.000507946,0.0987138,-0.000904455,-0.00143943
0.000477041,0.0987138,-0.00105993,-0.00132911
0.000447082,0.0987138,-0.00120208,-0.00120208
0.000418493,0.0987138,-0.00132911,-0.00105993
0.00039135,0.0987138,-0.00143943,-0.000904455
0.000365398,0.0987138,-0.00153165,-0.000737603
0.000340133,0.0987138,-0.0016046,-0.000561475
0.000315246,0.0987138,-0.00165738,-0.000378286
0.000292389,0.0987138,-0.00168931,-0.00019034
0.00203657,0.0987138,0.00168931,-0.00019034
0.00205268,0.0987138,0.00165738,-0.000378286
0.00203454,0.0987138,0.0016046,-0.000561475
0.00197978,0.0987138,0.00153165,-0.000737603
0.00189448,0.0987138,0.00143943,-0.000904455
0.00178592,0.0987138,0.00132911,-0.00105993
0.00166034,0.0987138,0.00120208,-0.00120208
0.00152226,0.0987138,0.00105993,-0.00132911
0.00137429,0.0987138,0.000904455,-0.00143943
0.00121738,0.0987138,0.000737603,-0.00153165
0.00105133,0.0987138,0.000561475,-0.0016046
0.000912706,0.0987138,0.000378286,-0.00165738
0.000778167,0.0987138,0.00019034,-0.00168931
0.000649882,0.0990552,-2.16172e-17,0.0017
0.000749642,0.0990552,0.00019034,0.00168931
0.000878859,0.0990552,0.000378286,0.00165738
0.00100546,0.0990552,0.000561475,0.0016046
0.00115722,0.0990552,0.000737603,0.00153165
0.00130611,0.0990552,0.000904455,0.00143943
0.0014458,0.0990552,0.00105993,0.00132911
0.00157543,0.0990552,0.00120208,0.00120208
0.00169252,0.0990552,0.00132911,0.00105993
0.00179287,0.0990552,0.00143943,0.000904455
0.00187067,0.0990552,0.00153165,0.000737603
0.00191915,0.0990552,0.0016046,0.000561475
0.00193279,0.0990552,0.00165738,0.000378286
0.00191426,0.0990552,0.00168931,0.00019034
0.00189812,0.0990552,0.0017,-3.77476e-19
0.00028801,0.0990552,-0.0017,3.77476e-19
0.000298369,0.0990552,-0.00168931,0.00019034
0.000320841,0.0990552,-0.00165738,0.000378286
0.000345123,0.0990552,-0.0016046,0.000561475
0.000369576,0.0990552,-0.00153165,0.000737603
0.000394519,0.0990552,-0.00143943,0.000904455
0.000420466,0.0990552,-0.00132911,0.00105993
0.000447682,0.0990552,-0.00120208,0.00120208
0.000476104,0.0990552,-0.00105993,0.00132911
0.000505322,0.0990552,-0.000904455,0.00143943
0.000534589,0.0990552,-0.000737603,0.00153165
0.000562904,0.0990552,-0.000561475,0.0016046
0.000589406,0.0990552,-0.000378286,0.00165738
0.00061511,0.0990552,-0.00019034,0.00168931
0.000649881,0.0990552,-2.23722e-17,-0.0017
0.00061511,0.0990552,-0.00019034,-0.00168931
0.000589406,0.0990552,-0.000378286,-0.00165738
0.000562904,0.0990552,-0.000561475,-0.0016046
0.000534589,0.0990552,-0.000737603,-0.00153165
0.000505322,0.0990552,-0.000904455,-0.00143943
0.000476103,0.0990552,-0.00105993,-0.00132911
0.000447682,0.0990552,-0.00120208,-0.00120208
0.000420466,0.0990552,-0.00132911,-0.00105993
0.000394519,0.0990552,-0.00143943,-0.000904455
0.000369576,0.0990552,-0.00153165,-0.000737603
0.000345123,0.0990552,-0.0016046,-0.000561475
0.000320841,0.0990552,-0.00165738,-0.000378286
0.000298369,0.0990552,-0.00168931,-0.00019034
0.00191426,0.0990552,0.00168931,-0.00019034
0.00193279,0.0990552,0.00165738,-0.000378286
0.00191915,0.0990552,0.0016046,-0.000561475
0.00187067,0.0990552,0.00153165,-0.000737603
0.00179287,0.0990552,0.00143943,-0.000904455
0.00169252,0.0990552,0.00132911,-0.00105993
0.00157543,0.0990552,0.00120208,-0.00120208
0.0014458,0.0990552,0.00105993,-0.00132911
0.00130611,0.0990552,0.000904455,-0.00143943
0.00115722,0.0990552,0.000737603,-0.00153165
0.00100546,0.0990552,0.000561475,-0.0016046
0.000878859,0.0990552,0.000378286,-0.00165738
0.000749642,0.0990552,0.00019034,-0.00168931
0.000637933,0.0993967,-2.1693e-17,0.0017
0.000722688,0.0993967,0.00019034,0.00168931
0.00084686,0.0993967,0.000378286,0.00165738
0.00096819,0.0993967,0.000561475,0.0016046
0.00110043,0.0993967,0.000737603,0.00153165
0.00124176,0.0993967,0.000904455,0.00143943
0.00137368,0.0993967,0.00105993,0.00132911
0.0014954,0.0993967,0.00120208,0.00120208
0.0016046,0.0993967,0.00132911,0.00105993
0.00169736,0.0993967,0.00143943,0.000904455
0.00176827,0.0993967,0.00153165,0.000737603
0.00181102,0.0993967,0.0016046,0.000561475
0.00182057,0.0993967,0.00165738,0.000378286
0.00179987,0.0993967,0.00168931,0.00019034
0.00178316,0.0993967,0.0017,-3.77476e-19
0.000293946,0.0993967,-0.0017,3.77476e-19
0.000304174,0.0993967,-0.00168931,0.00019034
0.000326275,0.0993967,-0.00165738,0.000378286
0.000349976,0.0993967,-0.0016046,0.000561475
0.000373651,0.0993967,-0.00153165,0.000737603
0.000397627,0.0993967,-0.00143943,0.000904455
0.000422427,0.0993967,-0.00132911,0.00105993
0.000448328,0.0993967,-0.00120208,0.00120208
0.00047528,0.0993967,-0.00105993,0.00132911
0.000502889,0.0993967,-0.000904455,0.00143943
0.000530425,0.0993967,-0.000737603,0.00153165
0.000556907,0.0993967,-0.000561475,0.0016046
0.0005815,0.0993967,-0.000378286,0.00165738
0.000605231,0.0993967,-0.00019034,0.00168931
0.000637933,0.0993967,-2.2448e-17,-0.0017
0.00060523,0.0993967,-0.00019034,-0.00168931
0.000581499,0.0993967,-0.000378286,-0.00165738
0.000556907,0.0993967,-0.000561475,-0.0016046
0.000530425,0.0993967,-0.000737603,-0.00153165
0.000502889,0.0993967,-0.000904455,-0.00143943
0.000475281,0.0993967,-0.00105993,-0.00132911
0.000448328,0.0993967,-0.00120208,-0.00120208
0.000422427,0.0993967,-0.00132911,-0.00105993
0.000397627,0.0993967,-0.00143943,-0.000904455
0.000373651,0.0993967,-0.00153165,-0.000737603
0.000349976,0.0993967,-0.0016046,-0.000561475
0.000326275,0.0993967,-0.00165738,-0.000378286
0.000304174,0.0993967,-0.00168931,-0.00019034
0.00179987,0.0993967,0.00168931,-0.00019034
0.00182057,0.0993967,0.00165738,-0.000378286
0.00181102,0.0993967,0.0016046,-0.000561475
0.00176827,0.0993967,0.00153165,-0.000737603
0.00169736,0.0993967,0.00143943,-0.000904455
0.0016046,0.0993967,0.00132911,-0.00105993
0.00149539,0.0993967,0.00120208,-0.00120208
0.00137368,0.0993967,0.00105993,-0.00132911
0.00124176,0.0993967,0.000904455,-0.00143943
0.00110043,0.0993967,0.000737603,-0.00153165
0.00096819,0.0993967,0.000561475,-0.0016046
0.000846861,0.0993967,0.000378286,-0.00165738
0.000722688,0.0993967,0.00019034,-0.00168931
0.000626631,0.0997381,-2.17688e-17,0.0017
0.000697204,0.0997381,0.00019034,0.00168931
0.000816586,0.0997381,0.000378286,0.00165738
0.000932919,0.0997381,0.000561475,0.0016046
0.00104675,0.0997381,0.000737603,0.00153165
0.00118096,0.0997381,0.000904455,0.00143943
0.00130559,0.0997381,0.00105993,0.00132911
0.0014199,0.0997381,0.00120208,0.00120208
0.00152176,0.0997381,0.00132911,0.00105993
0.0016075,0.0997381,0.00143943,0.000904455
0.00167206,0.0997381,0.00153165,0.000737603
0.00170958,0.0997381,0.0016046,0.000561475
0.00171542,0.0997381,0.00165738,0.000378286
0.00169279,0.0997381,0.00168931,0.00019034
0.00167556,0.0997381,0.0017,-3.77476e-19
0.000299736,0.0997381,-0.0017,3.77476e-19
0.000309838,0.0997381,-0.00168931,0.00019034
0.000331582,0.0997381,-0.00165738,0.000378286
0.000354724,0.0997381,-0.0016046,0.000561475
0.000377649,0.0997381,-0.00153165,0.000737603
0.000400695,0.0997381,-0.00143943,0.000904455
0.000424394,0.0997381,-0.00132911,0.00105993
0.000449035,0.0997381,-0.00120208,0.00120208
0.00047458,0.0997381,-0.00105993,0.00132911
0.00050065,0.0997381,-0.000904455,0.00143943
0.000526533,0.0997381,-0.000737603,0.00153165
0.000551268,0.0997381,-0.000561475,0.0016046
0.000574041,0.0997381,-0.000378286,0.00165738
0.000595896,0.0997381,-0.00019034,0.00168931
0.00062663,0.0997381,-2.25238e-17,-0.0017
0.000595895,0.0997381,-0.00019034,-0.00168931
0.00057404,0.0997381,-0.000378286,-0.00165738
0.000551268,0.0997381,-0.000561475,-0.0016046
0.000526532,0.0997381,-0.000737603,-0.00153165
0.00050065,0.0997381,-0.000904455,-0.00143943
0.00047458,0.0997381,-0.00105993,-0.00132911
0.000449035,0.0997381,-0.00120208,-0.00120208
0.000424394,0.0997381,-0.00132911,-0.00105993
0.000400695,0.0997381,-0.00143943,-0.000904455
0.000377649,0.0997381,-0.00153165,-0.000737603
0.000354724,0.0997381,-0.0016046,-0.000561475
0.000331582,0.0997381,-0.00165738,-0.000378286
0.000309838,0.0997381,-0.00168931,-0.00019034
0.00169279,0.0997381,0.00168931,-0.00019034
0.00171542,0.0997381,0.00165738,-0.000378286
0.00170958,0.0997381,0.0016046,-0.000561475
0.00167206,0.0997381,0.00153165,-0.000737603
0.0016075,0.0997381,0.00143943,-0.000904455
0.00152176,0.0997381,0.00132911,-0.00105993
0.0014199,0.0997381,0.00120208,-0.00120208
0.00130559,0.0997381,0.00105993,-0.00132911
0.00118096,0.0997381,0.000904455,-0.00143943
0.00104675,0.0997381,0.000737603,-0.00153165
0.000932919,0.0997381,0.000561475,-0.0016046
0.000816586,0.0997381,0.000378286,-0.00165738
0.000697203,0.0997381,0.00019034,-0.00168931
0.000615948,0.100079,-2.18446e-17,0.0017
0.000673109,0.100079,0.00019034,0.00168931
0.00078794,0.100079,0.000378286,0.00165738
0.000899539,0.100079,0.000561475,0.0016046
0.00100399,0.100079,0.000737603,0.00153165
0.00112351,0.100079,0.000904455,0.00143943
0.00124128,0.100079,0.00105993,0.00132911
0.00134867,0.100079,0.00120208,0.00120208
0.0014437,0.100079,0.00132911,0.00105993
0.00152294,0.100079,0.00143943,0.000904455
0.00158166,0.100079,0.00153165,0.000737603
0.00161439,0.100079,0.0016046,0.000561475
0.00161686,0.100079,0.00165738,0.000378286
0.00159249,0.100079,0.00168931,0.00019034
0.00157481,0.100079,0.0017,-3.77476e-19
0.0003054,0.100079,-0.0017,3.77476e-19
0.000315381,0.100079,-0.00168931,0.00019034
0.00033678,0.100079,-0.00165738,0.000378286
0.000359383,0.100079,-0.0016046,0.000561475
0.000381587,0.100079,-0.00153165,0.000737603
0.000403739,0.100079,-0.00143943,0.000904455
0.00042638,0.100079,-0.00132911,0.00105993
0.000449811,0.100079,-0.00120208,0.00120208
0.000474008,0.100079,-0.00105993,0.00132911
0.000498606,0.100079,-0.000904455,0.00143943
0.000522909,0.100079,-0.000737603,0.00153165
0.000545978,0.100079,-0.000561475,0.0016046
0.000567017,0.100079,-0.000378286,0.00165738
0.000587084,0.100079,-0.00019034,0.00168931
0.000615948,0.100079,-2.25996e-17,-0.0017
0.000587084,0.100079,-0.00019034,-0.00168931
0.000567016,0.100079,-0.000378286,-0.00165738
0.000545977,0.100079,-0.000561475,-0.0016046
0.000522908,0.100079,-0.000737603,-0.00153165
0.000498605,0.100079,-0.000904455,-0.00143943
0.000474008,0.100079,-0.00105993,-0.00132911
0.000449811,0.100079,-0.00120208,-0.00120208
0.00042638,0.100079,-0.00132911,-0.00105993
0.000403739,0.100079,-0.00143943,-0.000904455
0.000381588,0.100079,-0.00153165,-0.000737603
0.000359383,0.100079,-0.0016046,-0.000561475
0.00033678,0.100079,-0.00165738,-0.000378286
0.000315381,0.100079,-0.00168931,-0.00019034
0.00159249,0.100079,0.00168931,-0.00019034
0.00161686,0.100079,0.00165738,-0.000378286
0.00161439,0.100079,0.0016046,-0.000561475
0.00158166,0.100079,0.00153165,-0.000737603
0.00152294,0.100079,0.00143943,-0.000904455
0.0014437,0.100079,0.00132911,-0.00105993
0.00134867,0.100079,0.00120208,-0.00120208
0.00124128,0.100079,0.00105993,-0.00132911
0.00112351,0.100079,0.000904455,-0.00143943
0.00100399,0.100079,0.000737603,-0.00153165
0.000899539,0.100079,0.000561475,-0.0016046
0.00078794,0.100079,0.000378286,-0.00165738
0.000673108,0.100079,0.00019034,-0.00168931
0.000605866,0.100421,-2.19204e-17,0.0017
0.000651607,0.100421,0.00019034,0.00168931
0.000760848,0.100421,0.000378286,0.00165738
0.000867962,0.100421,0.000561475,0.0016046
0.000967782,0.100421,0.000737603,0.00153165
0.00106923,0.100421,0.000904455,0.00143943
0.00118057,0.100421,0.00105993,0.00132911
0.0012815,0.100421,0.00120208,0.00120208
0.00137017,0.100421,0.00132911,0.00105993
0.00144339,0.100421,0.00143943,0.000904455
0.00149674,0.100421,0.00153165,0.000737603
0.00152508,0.100421,0.0016046,0.000561475
0.0015245,0.100421,0.00165738,0.000378286
0.00149858,0.100421,0.00168931,0.00019034
0.0014805,0.100421,0.0017,-3.77476e-19
0.000310948,0.100421,-0.0017,3.77476e-19
0.000320811,0.100421,-0.00168931,0.00019034
0.000341877,0.100421,-0.00165738,0.000378286
0.000363961,0.100421,-0.0016046,0.000561475
0.000385472,0.100421,-0.00153165,0.000737603
0.000406764,0.100421,-0.00143943,0.000904455
0.00042839,0.100421,-0.00132911,0.00105993
0.000450663,0.100421,-0.00120208,0.00120208
0.000473568,0.100421,-0.00105993,0.00132911
0.000496758,0.100421,-0.000904455,0.00143943
0.000519552,0.100421,-0.000737603,0.00153165
0.00054103,0.100421,-0.000561475,0.0016046
0.000560419,0.100421,-0.000378286,0.00165738
0.000578783,0.100421,-0.00019034,0.00168931
0.000605865,0.100421,-2.26754e-17,-0.0017
0.000578782,0.100421,-0.00019034,-0.00168931
0.000560417,0.100421,-0.000378286,-0.00165738
0.00054103,0.100421,-0.000561475,-0.0016046
0.000519551,0.100421,-0.000737603,-0.00153165
0.000496757,0.100421,-0.000904455,-0.00143943
0.000473569,0.100421,-0.00105993,-0.00132911
0.000450663,0.100421,-0.00120208,-0.00120208
0.00042839,0.100421,-0.00132911,-0.00105993
0.000406765,0.100421,-0.00143943,-0.000904455
0.000385472,0.100421,-0.00153165,-0.000737603
0.000363961,0.100421,-0.0016046,-0.000561475
0.000341877,0.100421,-0.00165738,-0.000378286
0.000320811,0.100421,-0.00168931,-0.00019034
0.00149858,0.100421,0.00168931,-0.00019034
0.0015245,0.100421,0.00165738,-0.000378286
0.00152508,0.100421,0.0016046,-0.000561475
0.00149674,0.100421,0.00153165,-0.000737603
0.00144339,0.100421,0.00143943,-0.000904455
0.00137017,0.100421,0.00132911,-0.00105993
0.0012815,0.100421,0.00120208,-0.00120208
0.00118057,0.100421,0.00105993,-0.00132911
0.00106923,0.100421,0.000904455,-0.00143943
0.000967781,0.100421,0.000737603,-0.00153165
0.000867962,0.100421,0.000561475,-0.0016046
0.000760849,0.100421,0.000378286,-0.00165738
0.000651607,0.100421,0.00019034,-0.00168931
0.000596364,0.100762,-2.19963e-17,0.0017
0.000640223,0.100762,0.00019034,0.00168931
0.000735236,0.100762,0.000378286,0.00165738
0.000838102,0.100762,0.000561475,0.0016046
0.000933551,0.100762,0.000737603,0.00153165
0.00102163,0.100762,0.000904455,0.00143943
0.00112326,0.100762,0.00105993,0.00132911
0.00121815,0.100762,0.00120208,0.00120208
0.00130092,0.100762,0.00132911,0.00105993
0.00136858,0.100762,0.00143943,0.000904455
0.00141698,0.100762,0.00153165,0.000737603
0.00144132,0.100762,0.0016046,0.000561475
0.00143796,0.100762,0.00165738,0.000378286
0.00141063,0.100762,0.00168931,0.00019034
0.0013922,0.100762,0.0017,-3.77476e-19
0.000316381,0.100762,-0.0017,3.77476e-19
0.000326131,0.100762,-0.00168931,0.00019034
0.000346878,0.100762,-0.00165738,0.000378286
0.000368462,0.100762,-0.0016046,0.000561475
0.000389306,0.100762,-0.00153165,0.000737603
0.000409773,0.100762,-0.00143943,0.000904455
0.000430425,0.100762,-0.00132911,0.00105993
0.000451587,0.100762,-0.00120208,0.00120208
0.000473257,0.100762,-0.00105993,0.00132911
0.000495101,0.100762,-0.000904455,0.00143943
0.000516456,0.100762,-0.000737603,0.00153165
0.000536418,0.100762,-0.000561475,0.0016046
0.000554234,0.100762,-0.000378286,0.00165738
0.000570978,0.100762,-0.00019034,0.00168931
0.000596363,0.100762,-2.27512e-17,-0.0017
0.000570977,0.100762,-0.00019034,-0.00168931
0.000554233,0.100762,-0.000378286,-0.00165738
0.000536418,0.100762,-0.000561475,-0.0016046
0.000516456,0.100762,-0.000737603,-0.00153165
0.0004951,0.100762,-0.000904455,-0.00143943
0.000473257,0.100762,-0.00105993,-0.00132911
0.000451587,0.100762,-0.00120208,-0.00120208
0.000430425,0.100762,-0.00132911,-0.00105993
0.000409773,0.100762,-0.00143943,-0.000904455
0.000389306,0.100762,-0.00153165,-0.000737603
0.000368462,0.100762,-0.0016046,-0.000561475
0.000346878,0.100762,-0.00165738,-0.000378286
0.000326131,0.100762,-0.00168931,-0.00019034
0.00141063,0.100762,0.00168931,-0.00019034
0.00143796,0.100762,0.00165738,-0.000378286
0.00144132,0.100762,0.0016046,-0.000561475
0.00141698,0.100762,0.00153165,-0.000737603
0.00136858,0.100762,0.00143943,-0.000904455
0.00130092,0.100762,0.00132911,-0.00105993
0.00121815,0.100762,0.00120208,-0.00120208
0.00112326,0.100762,0.00105993,-0.00132911
0.00102163,0.100762,0.000904455,-0.00143943
0.000933551,0.100762,0.000737603,-0.00153165
0.000838101,0.100762,0.000561475,-0.0016046
0.000735236,0.100762,0.000378286,-0.00165738
0.000640222,0.100762,0.00019034,-0.00168931
0.000587415,0.101104,-2.20721e-17,0.0017
0.000629485,0.101104,0.00019034,0.00168931
0.000711018,0.101104,0.000378286,0.00165738
0.000809864,0.101104,0.000561475,0.0016046
0.000901189,0.101104,0.000737603,0.00153165
0.000985045,0.101104,0.000904455,0.00143943
0.00106915,0.101104,0.00105993,0.00132911
0.0011584,0.101104,0.00120208,0.00120208
0.00123569,0.101104,0.00132911,0.00105993
0.00129821,0.101104,0.00143943,0.000904455
0.00134206,0.101104,0.00153165,0.000737603
0.00136273,0.101104,0.0016046,0.000561475
0.00135684,0.101104,0.00165738,0.000378286
0.00132825,0.101104,0.00168931,0.00019034
0.00130951,0.101104,0.0017,-3.77476e-19
0.000321702,0.101104,-0.0017,3.77476e-19
0.000331342,0.101104,-0.00168931,0.00019034
0.000351779,0.101104,-0.00165738,0.000378286
0.000372882,0.101104,-0.0016046,0.000561475
0.000393086,0.101104,-0.00153165,0.000737603
0.000412762,0.101104,-0.00143943,0.000904455
0.00043248,0.101104,-0.00132911,0.00105993
0.00045258,0.101104,-0.00120208,0.00120208
0.000473069,0.101104,-0.00105993,0.00132911
0.000493628,0.101104,-0.000904455,0.00143943
0.00051361,0.101104,-0.000737603,0.00153165
0.000532126,0.101104,-0.000561475,0.0016046
0.000548442,0.101104,-0.000378286,0.00165738
0.000563643,0.101104,-0.00019034,0.00168931
0.000587415,0.101104,-2.2827e-17,-0.0017
0.000563643,0.101104,-0.00019034,-0.00168931
0.000548442,0.101104,-0.000378286,-0.00165738
0.000532126,0.101104,-0.000561475,-0.0016046
0.00051361,0.101104,-0.000737603,-0.00153165
0.000493628,0.101104,-0.000904455,-0.00143943
0.000473069,0.101104,-0.00105993,-0.00132911
0.00045258,0.101104,-0.00120208,-0.00120208
0.000432481,0.101104,-0.00132911,-0.00105993
0.000412762,0.101104,-0.00143943,-0.000904455
0.000393086,0.101104,-0.00153165,-0.000737603
0.000372882,0.101104,-0.0016046,-0.000561475
0.000351779,0.101104,-0.00165738,-0.000378286
0.000331342,0.101104,-0.00168931,-0.00019034
0.00132825,0.101104,0.00168931,-0.00019034
0.00135684,0.101104,0.00165738,-0.000378286
0.00136273,0.101104,0.0016046,-0.000561475
0.00134206,0.101104,0.00153165,-0.000737603
0.00129821,0.101104,0.00143943,-0.000904455
0.00123569,0.101104,0.00132911,-0.00105993
0.0011584,0.101104,0.00120208,-0.00120208
0.00106915,0.101104,0.00105993,-0.00132911
0.000985045,0.101104,0.000904455,-0.00143943
0.000901189,0.101104,0.000737603,-0.00153165
0.000809864,0.101104,0.000561475,-0.0016046
0.000711019,0.101104,0.000378286,-0.00165738
0.000629484,0.101104,0.00019034,-0.00168931
0.000578979,0.101445,-2.21479e-17,0.0017
0.000619346,0.101445,0.00019034,0.00168931
0.0006881,0.101445,0.000378286,0.00165738
0.00078314,0.101445,0.000561475,0.0016046
0.000870568,0.101445,0.000737603,0.00153165
0.000950449,0.101445,0.000904455,0.00143943
0.00102316,0.101445,0.00105993,0.00132911
0.001102,0.101445,0.00120208,0.00120208
0.00117419,0.101445,0.00132911,0.00105993
0.00123194,0.101445,0.00143943,0.000904455
0.00127161,0.101445,0.00153165,0.000737603
0.00128891,0.101445,0.0016046,0.000561475
0.00128073,0.101445,0.00165738,0.000378286
0.001251,0.101445,0.00168931,0.00019034
0.00123197,0.101445,0.0017,-3.77476e-19
0.000326906,0.101445,-0.0017,3.77476e-19
0.000336441,0.101445,-0.00168931,0.00019034
0.00035658,0.101445,-0.00165738,0.000378286
0.000377221,0.101445,-0.0016046,0.000561475
0.000396811,0.101445,-0.00153165,0.000737603
0.000415727,0.101445,-0.00143943,0.000904455
0.000434552,0.101445,-0.00132911,0.00105993
0.000453633,0.101445,-0.00120208,0.00120208
0.000472993,0.101445,-0.00105993,0.00132911
0.000492324,0.101445,-0.000904455,0.00143943
0.000510994,0.101445,-0.000737603,0.00153165
0.00052813,0.101445,-0.000561475,0.0016046
0.000543013,0.101445,-0.000378286,0.00165738
0.000556744,0.101445,-0.00019034,0.00168931
0.000578978,0.101445,-2.29028e-17,-0.0017
0.000556744,0.101445,-0.00019034,-0.00168931
0.000543013,0.101445,-0.000378286,-0.00165738
0.000528129,0.101445,-0.000561475,-0.0016046
0.000510992,0.101445,-0.000737603,-0.00153165
0.000492323,0.101445,-0.000904455,-0.00143943
0.000472994,0.101445,-0.00105993,-0.00132911
0.000453633,0.101445,-0.00120208,-0.00120208
0.000434552,0.101445,-0.00132911,-0.00105993
0.000415727,0.101445,-0.00143943,-0.000904455
0.000396811,0.101445,-0.00153165,-0.000737603
0.000377221,0.101445,-0.0016046,-0.000561475
0.00035658,0.101445,-0.00165738,-0.000378286
0.000336441,0.101445,-0.00168931,-0.00019034
0.001251,0.101445,0.00168931,-0.00019034
0.00128073,0.101445,0.00165738,-0.000378286
0.00128891,0.101445,0.0016046,-0.000561475
0.0012716,0.101445,0.00153165,-0.000737603
0.00123194,0.101445,0.00143943,-0.000904455
0.00117419,0.101445,0.00132911,-0.00105993
0.001102,0.101445,0.00120208,-0.00120208
0.00102316,0.101445,0.00105993,-0.00132911
0.000950448,0.101445,0.000904455,-0.00143943
0.000870568,0.101445,0.000737603,-0.00153165
0.00078314,0.101445,0.000561475,-0.0016046
0.0006881,0.101445,0.000378286,-0.00165738
0.000619346,0.101445,0.00019034,-0.00168931
0.000571008,0.101787,-2.22237e-17,0.0017
0.000609752,0.101787,0.00019034,0.00168931
0.000666381,0.101787,0.000378286,0.00165738
0.000757814,0.101787,0.000561475,0.0016046
0.000841555,0.101787,0.000737603,0.00153165
0.000917686,0.101787,0.000904455,0.00143943
0.000986614,0.101787,0.00105993,0.00132911
0.0010487,0.101787,0.00120208,0.00120208
0.00111613,0.101787,0.00132911,0.00105993
0.00116947,0.101787,0.00143943,0.000904455
0.00120527,0.101787,0.00153165,0.000737603
0.00121949,0.101787,0.0016046,0.000561475
0.0012092,0.101787,0.00165738,0.000378286
0.00117844,0.101787,0.00168931,0.00019034
0.00115917,0.101787,0.0017,-3.77476e-19
0.000331991,0.101787,-0.0017,3.77476e-19
0.000341424,0.101787,-0.00168931,0.00019034
0.000361276,0.101787,-0.00165738,0.000378286
0.000381473,0.101787,-0.0016046,0.000561475
0.000400472,0.101787,-0.00153165,0.000737603
0.000418661,0.101787,-0.00143943,0.000904455
0.00043663,0.101787,-0.00132911,0.00105993
0.000454735,0.101787,-0.00120208,0.00120208
0.000473013,0.101787,-0.00105993,0.00132911
0.000491167,0.101787,-0.000904455,0.00143943
0.000508581,0.101787,-0.000737603,0.00153165
0.000524399,0.101787,-0.000561475,0.0016046
0.000537913,0.101787,-0.000378286,0.00165738
0.00055024,0.101787,-0.00019034,0.00168931
0.000571007,0.101787,-2.29786e-17,-0.0017
0.00055024,0.101787,-0.00019034,-0.00168931
0.000537913,0.101787,-0.000378286,-0.00165738
0.000524398,0.101787,-0.000561475,-0.0016046
0.00050858,0.101787,-0.000737603,-0.00153165
0.000491167,0.101787,-0.000904455,-0.00143943
0.000473013,0.101787,-0.00105993,-0.00132911
0.000454735,0.101787,-0.00120208,-0.00120208
0.00043663,0.101787,-0.00132911,-0.00105993
0.000418661,0.101787,-0.00143943,-0.000904455
0.000400472,0.101787,-0.00153165,-0.000737603
0.000381473,0.101787,-0.0016046,-0.000561475
0.000361276,0.101787,-0.00165738,-0.000378286
0.000341424,0.101787,-0.00168931,-0.00019034
0.00117844,0.101787,0.00168931,-0.00019034
0.0012092,0.101787,0.00165738,-0.000378286
0.00121949,0.101787,0.0016046,-0.000561475
0.00120527,0.101787,0.00153165,-0.000737603
0.00116947,0.101787,0.00143943,-0.000904455
0.00111613,0.101787,0.00132911,-0.00105993
0.0010487,0.101787,0.00120208,-0.00120208
0.000986614,0.101787,0.00105993,-0.00132911
0.000917686,0.101787,0.000904455,-0.00143943
0.000841555,0.101787,0.000737603,-0.00153165
0.000757814,0.101787,0.000561475,-0.0016046
0.000666382,0.101787,0.000378286,-0.00165738
0.000609751,0.101787,0.00019034,-0.00168931
0.000563456,0.102128,-2.22995e-17,0.0017
0.000600652,0.102128,0.00019034,0.00168931
0.00064772,0.102128,0.000378286,0.00165738
0.000733778,0.102128,0.000561475,0.0016046
0.000814026,0.102128,0.000737603,0.00153165
0.000886615,0.102128,0.000904455,0.00143943
0.00095198,0.102128,0.00105993,0.00132911
0.00100992,0.102128,0.00120208,0.00120208
0.00106124,0.102128,0.00132911,0.00105993
0.00111049,0.102128,0.00143943,0.000904455
0.00114271,0.102128,0.00153165,0.000737603
0.00115409,0.102128,0.0016046,0.000561475
0.00114189,0.102128,0.00165738,0.000378286
0.00111021,0.102128,0.00168931,0.00019034
0.00109072,0.102128,0.0017,-3.77476e-19
0.000336948,0.102128,-0.0017,3.77476e-19
0.000346282,0.102128,-0.00168931,0.00019034
0.000365859,0.102128,-0.00165738,0.000378286
0.00038563,0.102128,-0.0016046,0.000561475
0.000404062,0.102128,-0.00153165,0.000737603
0.000421552,0.102128,-0.00143943,0.000904455
0.000438698,0.102128,-0.00132911,0.00105993
0.000455868,0.102128,-0.00120208,0.00120208
0.000473108,0.102128,-0.00105993,0.00132911
0.000490135,0.102128,-0.000904455,0.00143943
0.000506346,0.102128,-0.000737603,0.00153165
0.000520902,0.102128,-0.000561475,0.0016046
0.000533107,0.102128,-0.000378286,0.00165738
0.000544089,0.102128,-0.00019034,0.00168931
0.000563456,0.102128,-2.30545e-17,-0.0017
0.000544089,0.102128,-0.00019034,-0.00168931
0.000533107,0.102128,-0.000378286,-0.00165738
0.000520902,0.102128,-0.000561475,-0.0016046
0.000506346,0.102128,-0.000737603,-0.00153165
0.000490135,0.102128,-0.000904455,-0.00143943
0.000473108,0.102128,-0.00105993,-0.00132911
0.000455868,0.102128,-0.00120208,-0.00120208
0.000438698,0.102128,-0.00132911,-0.00105993
0.000421552,0.102128,-0.00143943,-0.000904455
0.000404062,0.102128,-0.00153165,-0.000737603
0.00038563,0.102128,-0.0016046,-0.000561475
0.000365859,0.102128,-0.00165738,-0.000378286
0.000346282,0.102128,-0.00168931,-0.00019034
0.00111021,0.102128,0.00168931,-0.00019034
0.00114189,0.102128,0.00165738,-0.000378286
0.00115409,0.102128,0.0016046,-0.000561475
0.00114271,0.102128,0.00153165,-0.000737603
0.00111049,0.102128,0.00143943,-0.000904455
0.00106124,0.102128,0.00132911,-0.00105993
0.00100992,0.102128,0.00120208,-0.00120208
0.000951979,0.102128,0.00105993,-0.00132911
0.000886615,0.102128,0.000904455,-0.00143943
0.000814026,0.102128,0.000737603,-0.00153165
0.000733779,0.102128,0.000561475,-0.0016046
0.000647721,0.102128,0.000378286,-0.00165738
0.000600651,0.102128,0.00019034,-0.00168931
0.000556281,0.102469,-2.23753e-17,0.0017
0.000591997,0.102469,0.00019034,0.00168931
0.000637448,0.102469,0.000378286,0.00165738
0.000710941,0.102469,0.000561475,0.0016046
0.000787875,0.102469,0.000737603,0.00153165
0.000857113,0.102469,0.000904455,0.00143943
0.000919119,0.102469,0.00105993,0.00132911
0.000973747,0.102469,0.00120208,0.00120208
0.00102005,0.102469,0.00132911,0.00105993
0.00105628,0.102469,0.00143943,0.000904455
0.00108366,0.102469,0.00153165,0.000737603
0.00109243,0.102469,0.0016046,0.000561475
0.00107848,0.102469,0.00165738,0.000378286
0.00105259,0.102469,0.00168931,0.00019034
0.00103692,0.102469,0.0017,-3.77476e-19
0.000341764,0.102469,-0.0017,3.77476e-19
0.000351004,0.102469,-0.00168931,0.00019034
0.000370316,0.102469,-0.00165738,0.000378286
0.000389678,0.102469,-0.0016046,0.000561475
0.000407566,0.102469,-0.00153165,0.000737603
0.000424385,0.102469,-0.00143943,0.000904455
0.000440741,0.102469,-0.00132911,0.00105993
0.000457012,0.102469,-0.00120208,0.00120208
0.000473256,0.102469,-0.00105993,0.00132911
0.000489203,0.102469,-0.000904455,0.00143943
0.000504261,0.102469,-0.000737603,0.00153165
0.000517607,0.102469,-0.000561475,0.0016046
0.000528561,0.102469,-0.000378286,0.00165738
0.000538257,0.102469,-0.00019034,0.00168931
0.000556281,0.102469,-2.31303e-17,-0.0017
0.000538256,0.102469,-0.00019034,-0.00168931
0.00052856,0.102469,-0.000378286,-0.00165738
0.000517607,0.102469,-0.000561475,-0.0016046
0.00050426,0.102469,-0.000737603,-0.00153165
0.000489202,0.102469,-0.000904455,-0.00143943
0.000473256,0.102469,-0.00105993,-0.00132911
0.000457012,0.102469,-0.00120208,-0.00120208
0.000440741,0.102469,-0.00132911,-0.00105993
0.000424385,0.102469,-0.00143943,-0.000904455
0.000407566,0.102469,-0.00153165,-0.000737603
0.000389678,0.102469,-0.0016046,-0.000561475
0.000370316,0.102469,-0.00165738,-0.000378286
0.000351004,0.102469,-0.00168931,-0.00019034
0.00105259,0.102469,0.00168931,-0.00019034
0.00107848,0.102469,0.00165738,-0.000378286
0.00109243,0.102469,0.0016046,-0.000561475
0.00108366,0.102469,0.00153165,-0.000737603
0.00105628,0.102469,0.00143943,-0.000904455
0.00102005,0.102469,0.00132911,-0.00105993
0.000973746,0.102469,0.00120208,-0.00120208
0.000919118,0.102469,0.00105993,-0.00132911
0.000857113,0.102469,0.000904455,-0.00143943
0.000787875,0.102469,0.000737603,-0.00153165
0.000710941,0.102469,0.000561475,-0.0016046
0.000637447,0.102469,0.000378286,-0.00165738
0.000591997,0.102469,0.00019034,-0.00168931
0.000549449,0.102811,-2.24511e-17,0.0017
0.00058375,0.102811,0.00019034,0.00168931
0.000627653,0.102811,0.000378286,0.00165738
0.000689227,0.102811,0.000561475,0.0016046
0.000763018,0.102811,0.000737603,0.00153165
0.000829086,0.102811,0.000904455,0.00143943
0.000887923,0.102811,0.00105993,0.00132911
0.000939434,0.102811,0.00120208,0.00120208
0.000982752,0.102811,0.00132911,0.00105993
0.00101622,0.102811,0.00143943,0.000904455
0.00103744,0.102811,0.00153165,0.000737603
0.00104357,0.102811,0.0016046,0.000561475
0.00103234,0.102811,0.00165738,0.000378286
0.0010064,0.102811,0.00168931,0.00019034
0.000990609,0.102811,0.0017,-3.77476e-19
0.000346422,0.102811,-0.0017,3.77476e-19
0.00035557,0.102811,-0.00168931,0.00019034
0.000374627,0.102811,-0.00165738,0.000378286
0.000393596,0.102811,-0.0016046,0.000561475
0.000410962,0.102811,-0.00153165,0.000737603
0.000427137,0.102811,-0.00143943,0.000904455
0.000442737,0.102811,-0.00132911,0.00105993
0.000458147,0.102811,-0.00120208,0.00120208
0.000473436,0.102811,-0.00105993,0.00132911
0.000488347,0.102811,-0.000904455,0.00143943
0.000502301,0.102811,-0.000737603,0.00153165
0.000514488,0.102811,-0.000561475,0.0016046
0.000524243,0.102811,-0.000378286,0.00165738
0.00053271,0.102811,-0.00019034,0.00168931
0.000549449,0.102811,-2.32061e-17,-0.0017
0.000532709,0.102811,-0.00019034,-0.00168931
0.000524242,0.102811,-0.000378286,-0.00165738
0.000514488,0.102811,-0.000561475,-0.0016046
0.0005023,0.102811,-0.000737603,-0.00153165
0.000488347,0.102811,-0.000904455,-0.00143943
0.000473436,0.102811,-0.00105993,-0.00132911
0.000458147,0.102811,-0.00120208,-0.00120208
0.000442737,0.102811,-0.00132911,-0.00105993
0.000427137,0.102811,-0.00143943,-0.000904455
0.000410962,0.102811,-0.00153165,-0.000737603
0.000393596,0.102811,-0.0016046,-0.000561475
0.000374627,0.102811,-0.00165738,-0.000378286
0.00035557,0.102811,-0.00168931,-0.00019034
0.0010064,0.102811,0.00168931,-0.00019034
0.00103234,0.102811,0.00165738,-0.000378286
0.00104357,0.102811,0.0016046,-0.000561475
0.00103744,0.102811,0.00153165,-0.000737603
0.00101622,0.102811,0.00143943,-0.000904455
0.000982751,0.102811,0.00132911,-0.00105993
0.000939433,0.102811,0.00120208,-0.00120208
0.000887923,0.102811,0.00105993,-0.00132911
0.000829086,0.102811,0.000904455,-0.00143943
0.000763019,0.102811,0.000737603,-0.00153165
0.000689227,0.102811,0.000561475,-0.0016046
0.000627654,0.102811,0.000378286,-0.00165738
0.00058375,0.102811,0.00019034,-0.00168931
0.000542937,0.103152,-2.25269e-17,0.0017
0.000575886,0.103152,0.00019034,0.00168931
0.00061831,0.103152,0.000378286,0.00165738
0.000668584,0.103152,0.000561475,0.0016046
0.000739395,0.103152,0.000737603,0.00153165
0.000802465,0.103152,0.000904455,0.00143943
0.000858315,0.103152,0.00105993,0.00132911
0.000906897,0.103152,0.00120208,0.00120208
0.000947418,0.103152,0.00132911,0.00105993
0.000978318,0.103152,0.00143943,0.000904455
0.000997324,0.103152,0.00153165,0.000737603
0.0010017,0.103152,0.0016046,0.000561475
0.000989322,0.103152,0.00165738,0.000378286
0.000962859,0.103152,0.00168931,0.00019034
0.000946958,0.103152,0.0017,-3.77476e-19
0.000350895,0.103152,-0.0017,3.77476e-19
0.000359955,0.103152,-0.00168931,0.00019034
0.000378769,0.103152,-0.00165738,0.000378286
0.000397362,0.103152,-0.0016046,0.000561475
0.000414229,0.103152,-0.00153165,0.000737603
0.000429789,0.103152,-0.00143943,0.000904455
0.000444665,0.103152,-0.00132911,0.00105993
0.000459251,0.103152,-0.00120208,0.00120208
0.000473628,0.103152,-0.00105993,0.00132911
0.000487548,0.103152,-0.000904455,0.00143943
0.000500446,0.103152,-0.000737603,0.00153165
0.000511525,0.103152,-0.000561475,0.0016046
0.000520132,0.103152,-0.000378286,0.00165738
0.000527424,0.103152,-0.00019034,0.00168931
0.000542936,0.103152,-2.32819e-17,-0.0017
0.000527423,0.103152,-0.00019034,-0.00168931
0.000520131,0.103152,-0.000378286,-0.00165738
0.000511524,0.103152,-0.000561475,-0.0016046
0.000500445,0.103152,-0.000737603,-0.00153165
0.000487547,0.103152,-0.000904455,-0.00143943
0.000473628,0.103152,-0.00105993,-0.00132911
0.000459251,0.103152,-0.00120208,-0.00120208
0.000444665,0.103152,-0.00132911,-0.00105993
0.000429789,0.103152,-0.00143943,-0.000904455
0.000414229,0.103152,-0.00153165,-0.000737603
0.000397362,0.103152,-0.0016046,-0.000561475
0.000378769,0.103152,-0.00165738,-0.000378286
0.000359955,0.103152,-0.00168931,-0.00019034
0.000962859,0.103152,0.00168931,-0.00019034
0.000989322,0.103152,0.00165738,-0.000378286
0.0010017,0.103152,0.0016046,-0.000561475
0.000997323,0.103152,0.00153165,-0.000737603
0.000978318,0.103152,0.00143943,-0.000904455
0.000947418,0.103152,0.00132911,-0.00105993
0.000906897,0.103152,0.00120208,-0.00120208
0.000858315,0.103152,0.00105993,-0.00132911
0.000802466,0.103152,0.000904455,-0.00143943
0.000739396,0.103152,0.000737603,-0.00153165
0.000668584,0.103152,0.000561475,-0.0016046
0.000618311,0.103152,0.000378286,-0.00165738
0.000575887,0.103152,0.00019034,-0.00168931
0.000536732,0.103494,-2.26027e-17,0.0017
0.000568391,0.103494,0.00019034,0.00168931
0.000609404,0.103494,0.000378286,0.00165738
0.000648987,0.103494,0.000561475,0.0016046
0.000716967,0.103494,0.000737603,0.00153165
0.000777205,0.103494,0.000904455,0.00143943
0.000830243,0.103494,0.00105993,0.00132911
0.000876078,0.103494,0.00120208,0.00120208
0.000913986,0.103494,0.00132911,0.00105993
0.000942497,0.103494,0.00143943,0.000904455
0.000959445,0.103494,0.00153165,0.000737603
0.000962218,0.103494,0.0016046,0.000561475
0.000948783,0.103494,0.00165738,0.000378286
0.000921849,0.103494,0.00168931,0.00019034
0.000905857,0.103494,0.0017,-3.77476e-19
0.000355157,0.103494,-0.0017,3.77476e-19
0.000364135,0.103494,-0.00168931,0.00019034
0.000382716,0.103494,-0.00165738,0.000378286
0.000400951,0.103494,-0.0016046,0.000561475
0.000417343,0.103494,-0.00153165,0.000737603
0.000432317,0.103494,-0.00143943,0.000904455
0.000446504,0.103494,-0.00132911,0.00105993
0.000460306,0.103494,-0.00120208,0.00120208
0.000473813,0.103494,-0.00105993,0.00132911
0.000486789,0.103494,-0.000904455,0.00143943
0.00049868,0.103494,-0.000737603,0.00153165
0.000508703,0.103494,-0.000561475,0.0016046
0.000516216,0.103494,-0.000378286,0.00165738
0.000522387,0.103494,-0.00019034,0.00168931
0.000536732,0.103494,-2.33577e-17,-0.0017
0.000522386,0.103494,-0.00019034,-0.00168931
0.000516216,0.103494,-0.000378286,-0.00165738
0.000508703,0.103494,-0.000561475,-0.0016046
0.00049868,0.103494,-0.000737603,-0.00153165
0.000486788,0.103494,-0.000904455,-0.00143943
0.000473813,0.103494,-0.00105993,-0.00132911
0.000460306,0.103494,-0.00120208,-0.00120208
0.000446504,0.103494,-0.00132911,-0.00105993
0.000432317,0.103494,-0.00143943,-0.000904455
0.000417343,0.103494,-0.00153165,-0.000737603
0.000400951,0.103494,-0.0016046,-0.000561475
0.000382716,0.103494,-0.00165738,-0.000378286
0.000364135,0.103494,-0.00168931,-0.00019034
0.000921849,0.103494,0.00168931,-0.00019034
0.000948783,0.103494,0.00165738,-0.000378286
0.000962218,0.103494,0.0016046,-0.000561475
0.000959445,0.103494,0.00153165,-0.000737603
0.000942497,0.103494,0.00143943,-0.000904455
0.000913986,0.103494,0.00132911,-0.00105993
0.000876078,0.103494,0.00120208,-0.00120208
0.000830243,0.103494,0.00105993,-0.00132911
0.000777205,0.103494,0.000904455,-0.00143943
0.000716967,0.103494,0.000737603,-0.00153165
0.000648987,0.103494,0.000561475,-0.0016046
0.000609404,0.103494,0.000378286,-0.00165738
0.000568391,0.103494,0.00019034,-0.00168931
0.000530825,0.103835,-2.26786e-17,0.0017
0.000561258,0.103835,0.00019034,0.00168931
0.000600927,0.103835,0.000378286,0.00165738
0.000639118,0.103835,0.000561475,0.0016046
0.000695708,0.103835,0.000737603,0.00153165
0.000753279,0.103835,0.000904455,0.00143943
0.000803676,0.103835,0.00105993,0.00132911
0.000846941,0.103835,0.00120208,0.00120208
0.000882412,0.103835,0.00132911,0.00105993
0.000908704,0.103835,0.00143943,0.000904455
0.00092375,0.103835,0.00153165,0.000737603
0.000925044,0.103835,0.0016046,0.000561475
0.000910646,0.103835,0.00165738,0.000378286
0.000883292,0.103835,0.00168931,0.00019034
0.000867223,0.103835,0.0017,-3.77476e-19
0.00035919,0.103835,-0.0017,3.77476e-19
0.000368088,0.103835,-0.00168931,0.00019034
0.000386447,0.103835,-0.00165738,0.000378286
0.000404343,0.103835,-0.0016046,0.000561475
0.000420285,0.103835,-0.00153165,0.000737603
0.000434705,0.103835,-0.00143943,0.000904455
0.000448239,0.103835,-0.00132911,0.00105993
0.000461298,0.103835,-0.00120208,0.00120208
0.00047398,0.103835,-0.00105993,0.00132911
0.000486059,0.103835,-0.000904455,0.00143943
0.000496994,0.103835,-0.000737603,0.00153165
0.000506014,0.103835,-0.000561475,0.0016046
0.000512488,0.103835,-0.000378286,0.00165738
0.00051759,0.103835,-0.00019034,0.00168931
0.000530825,0.103835,-2.34335e-17,-0.0017
0.00051759,0.103835,-0.00019034,-0.00168931
0.000512488,0.103835,-0.000378286,-0.00165738
0.000506014,0.103835,-0.000561475,-0.0016046
0.000496994,0.103835,-0.000737603,-0.00153165
0.000486059,0.103835,-0.000904455,-0.00143943
0.00047398,0.103835,-0.00105993,-0.00132911
0.000461298,0.103835,-0.00120208,-0.00120208
0.000448239,0.103835,-0.00132911,-0.00105993
0.000434705,0.103835,-0.00143943,-0.000904455
0.000420285,0.103835,-0.00153165,-0.000737603
0.000404343,0.103835,-0.0016046,-0.000561475
0.000386447,0.103835,-0.00165738,-0.000378286
0.000368088,0.103835,-0.00168931,-0.00019034
0.000883292,0.103835,0.00168931,-0.00019034
0.000910646,0.103835,0.00165738,-0.000378286
0.000925044,0.103835,0.0016046,-0.000561475
0.00092375,0.103835,0.00153165,-0.000737603
0.000908704,0.103835,0.00143943,-0.000904455
0.000882412,0.103835,0.00132911,-0.00105993
0.000846941,0.103835,0.00120208,-0.00120208
0.000803676,0.103835,0.00105993,-0.00132911
0.000753279,0.103835,0.000904455,-0.00143943
0.000695708,0.103835,0.000737603,-0.00153165
0.000639118,0.103835,0.000561475,-0.0016046
0.000600927,0.103835,0.000378286,-0.00165738
0.000561258,0.103835,0.00019034,-0.00168931
0.000525216,0.104177,-2.27544e-17,0.0017
0.000554486,0.104177,0.00019034,0.00168931
0.000592882,0.104177,0.000378286,0.00165738
0.000629756,0.104177,0.000561475,0.0016046
0.000675596,0.104177,0.000737603,0.00153165
0.000730664,0.104177,0.000904455,0.00143943
0.000778589,0.104177,0.00105993,0.00132911
0.000819455,0.104177,0.00120208,0.00120208
0.00085266,0.104177,0.00132911,0.00105993
0.000876894,0.104177,0.00143943,0.000904455
0.000890184,0.104177,0.00153165,0.000737603
0.00089012,0.104177,0.0016046,0.000561475
0.000874843,0.104177,0.00165738,0.000378286
0.000847114,0.104177,0.00168931,0.00019034
0.00083098,0.104177,0.0017,-3.77476e-19
0.000362974,0.104177,-0.0017,3.77476e-19
0.000371797,0.104177,-0.00168931,0.00019034
0.000389948,0.104177,-0.00165738,0.000378286
0.000407523,0.104177,-0.0016046,0.000561475
0.000423042,0.104177,-0.00153165,0.000737603
0.00043694,0.104177,-0.00143943,0.000904455
0.000449858,0.104177,-0.00132911,0.00105993
0.000462216,0.104177,-0.00120208,0.00120208
0.00047412,0.104177,-0.00105993,0.00132911
0.000485352,0.104177,-0.000904455,0.00143943
0.000495383,0.104177,-0.000737603,0.00153165
0.000503452,0.104177,-0.000561475,0.0016046
0.000508943,0.104177,-0.000378286,0.00165738
0.000513033,0.104177,-0.00019034,0.00168931
0.000525216,0.104177,-2.35093e-17,-0.0017
0.000513033,0.104177,-0.00019034,-0.00168931
0.000508943,0.104177,-0.000378286,-0.00165738
0.000503452,0.104177,-0.000561475,-0.0016046
0.000495383,0.104177,-0.000737603,-0.00153165
0.000485352,0.104177,-0.000904455,-0.00143943
0.000474119,0.104177,-0.00105993,-0.00132911
0.000462216,0.104177,-0.00120208,-0.00120208
0.000449859,0.104177,-0.00132911,-0.00105993
0.00043694,0.104177,-0.00143943,-0.000904455
0.000423042,0.104177,-0.00153165,-0.000737603
0.000407523,0.104177,-0.0016046,-0.000561475
0.000389948,0.104177,-0.00165738,-0.000378286
0.000371797,0.104177,-0.00168931,-0.00019034
0.000847114,0.104177,0.00168931,-0.00019034
0.000874843,0.104177,0.00165738,-0.000378286
0.000890119,0.104177,0.0016046,-0.000561475
0.000890184,0.104177,0.00153165,-0.000737603
0.000876894,0.104177,0.00143943,-0.000904455
0.00085266,0.104177,0.00132911,-0.00105993
0.000819455,0.104177,0.00120208,-0.00120208
0.000778589,0.104177,0.00105993,-0.00132911
0.000730664,0.104177,0.000904455,-0.00143943
0.000675596,0.104177,0.000737603,-0.00153165
0.000629757,0.104177,0.000561475,-0.0016046
0.000592883,0.104177,0.000378286,-0.00165738
0.000554486,0.104177,0.00019034,-0.00168931
0.000519903,0.104518,-2.28302e-17,0.0017
0.000548075,0.104518,0.00019034,0.00168931
0.000585271,0.104518,0.000378286,0.00165738
0.000620901,0.104518,0.000561475,0.0016046
0.000656608,0.104518,0.000737603,0.00153165
0.000709332,0.104518,0.000904455,0.00143943
0.000754948,0.104518,0.00105993,0.00132911
0.000793578,0.104518,0.00120208,0.00120208
0.000824678,0.104518,0.00132911,0.00105993
0.000847009,0.104518,0.00143943,0.000904455
0.00085868,0.104518,0.00153165,0.000737603
0.000857369,0.104518,0.0016046,0.000561475
0.000841292,0.104518,0.00165738,0.000378286
0.000813227,0.104518,0.00168931,0.00019034
0.000797037,0.104518,0.0017,-3.77476e-19
0.000366502,0.104518,-0.0017,3.77476e-19
0.000375255,0.104518,-0.00168931,0.00019034
0.00039321,0.104518,-0.00165738,0.000378286
0.000410486,0.104518,-0.0016046,0.000561475
0.000425608,0.104518,-0.00153165,0.000737603
0.000439017,0.104518,-0.00143943,0.000904455
0.000451358,0.104518,-0.00132911,0.00105993
0.000463057,0.104518,-0.00120208,0.00120208
0.000474228,0.104518,-0.00105993,0.00132911
0.000484664,0.104518,-0.000904455,0.00143943
0.000493843,0.104518,-0.000737603,0.00153165
0.000501016,0.104518,-0.000561475,0.0016046
0.000505578,0.104518,-0.000378286,0.00165738
0.000508715,0.104518,-0.00019034,0.00168931
0.000519902,0.104518,-2.35851e-17,-0.0017
0.000508714,0.104518,-0.00019034,-0.00168931
0.000505578,0.104518,-0.000378286,-0.00165738
0.000501016,0.104518,-0.000561475,-0.0016046
0.000493843,0.104518,-0.000737603,-0.00153165
0.000484663,0.104518,-0.000904455,-0.00143943
0.000474227,0.104518,-0.00105993,-0.00132911
0.000463057,0.104518,-0.00120208,-0.00120208
0.000451358,0.104518,-0.00132911,-0.00105993
0.000439017,0.104518,-0.00143943,-0.000904455
0.000425608,0.104518,-0.00153165,-0.000737603
0.000410486,0.104518,-0.0016046,-0.000561475
0.00039321,0.104518,-0.00165738,-0.000378286
0.000375255,0.104518,-0.00168931,-0.00019034
0.000813227,0.104518,0.00168931,-0.00019034
0.000841292,0.104518,0.00165738,-0.000378286
0.000857369,0.104518,0.0016046,-0.000561475
0.00085868,0.104518,0.00153165,-0.000737603
0.000847009,0.104518,0.00143943,-0.000904455
0.000824678,0.104518,0.00132911,-0.00105993
0.000793578,0.104518,0.00120208,-0.00120208
0.000754947,0.104518,0.00105993,-0.00132911
0.000709332,0.104518,0.000904455,-0.00143943
0.000656608,0.104518,0.000737603,-0.00153165
0.000620901,0.104518,0.000561475,-0.0016046
0.000585272,0.104518,0.000378286,-0.00165738
0.000548075,0.104518,0.00019034,-0.00168931
0.000514877,0.104859,-2.2906e-17,0.0017
0.000542017,0.104859,0.00019034,0.00168931
0.000578085,0.104859,0.000378286,0.00165738
0.000612542,0.104859,0.000561475,0.0016046
0.000643567,0.104859,0.000737603,0.00153165
0.000689236,0.104859,0.000904455,0.00143943
0.000732697,0.104859,0.00105993,0.00132911
0.000769248,0.104859,0.00120208,0.00120208
0.000798396,0.104859,0.00132911,0.00105993
0.000818966,0.104859,0.00143943,0.000904455
0.000829145,0.104859,0.00153165,0.000737603
0.000826688,0.104859,0.0016046,0.000561475
0.000809882,0.104859,0.00165738,0.000378286
0.000781516,0.104859,0.00168931,0.00019034
0.000765279,0.104859,0.0017,-3.77476e-19
0.000369778,0.104859,-0.0017,3.77476e-19
0.000378463,0.104859,-0.00168931,0.00019034
0.000396234,0.104859,-0.00165738,0.000378286
0.00041323,0.104859,-0.0016046,0.000561475
0.000427984,0.104859,-0.00153165,0.000737603
0.000440935,0.104859,-0.00143943,0.000904455
0.000452736,0.104859,-0.00132911,0.00105993
0.000463819,0.104859,-0.00120208,0.00120208
0.000474303,0.104859,-0.00105993,0.00132911
0.00048399,0.104859,-0.000904455,0.00143943
0.000492369,0.104859,-0.000737603,0.00153165
0.0004987,0.104859,-0.000561475,0.0016046
0.000502388,0.104859,-0.000378286,0.00165738
0.000504628,0.104859,-0.00019034,0.00168931
0.000514877,0.104859,-2.36609e-17,-0.0017
0.000504626,0.104859,-0.00019034,-0.00168931
0.000502387,0.104859,-0.000378286,-0.00165738
0.0004987,0.104859,-0.000561475,-0.0016046
0.000492369,0.104859,-0.000737603,-0.00153165
0.00048399,0.104859,-0.000904455,-0.00143943
0.000474303,0.104859,-0.00105993,-0.00132911
0.000463818,0.104859,-0.00120208,-0.00120208
0.000452736,0.104859,-0.00132911,-0.00105993
0.000440935,0.104859,-0.00143943,-0.000904455
0.000427984,0.104859,-0.00153165,-0.000737603
0.00041323,0.104859,-0.0016046,-0.000561475
0.000396234,0.104859,-0.00165738,-0.000378286
0.000378463,0.104859,-0.00168931,-0.00019034
0.000781516,0.104859,0.00168931,-0.00019034
0.000809882,0.104859,0.00165738,-0.000378286
0.000826688,0.104859,0.0016046,-0.000561475
0.000829145,0.104859,0.00153165,-0.000737603
0.000818967,0.104859,0.00143943,-0.000904455
0.000798396,0.104859,0.00132911,-0.00105993
0.000769248,0.104859,0.00120208,-0.00120208
0.000732697,0.104859,0.00105993,-0.00132911
0.000689236,0.104859,0.000904455,-0.00143943
0.000643567,0.104859,0.000737603,-0.00153165
0.000612542,0.104859,0.000561475,-0.0016046
0.000578085,0.104859,0.000378286,-0.00165738
0.000542017,0.104859,0.00019034,-0.00168931
0.000510128,0.105201,-2.29818e-17,0.0017
0.000536296,0.105201,0.00019034,0.00168931
0.0005713,0.105201,0.000378286,0.00165738
0.000604655,0.105201,0.000561475,0.0016046
0.000634556,0.105201,0.000737603,0.00153165
0.000670311,0.105201,0.000904455,0.00143943
0.000711761,0.105201,0.00105993,0.00132911
0.000746377,0.105201,0.00120208,0.00120208
0.000773713,0.105201,0.00132911,0.00105993
0.000792654,0.105201,0.00143943,0.000904455
0.000801455,0.105201,0.00153165,0.000737603
0.000797947,0.105201,0.0016046,0.000561475
0.000780476,0.105201,0.00165738,0.000378286
0.000751841,0.105201,0.00168931,0.00019034
0.000735564,0.105201,0.0017,-3.77476e-19
0.000372806,0.105201,-0.0017,3.77476e-19
0.000381428,0.105201,-0.00168931,0.00019034
0.000399026,0.105201,-0.00165738,0.000378286
0.000415762,0.105201,-0.0016046,0.000561475
0.000430171,0.105201,-0.00153165,0.000737603
0.000442697,0.105201,-0.00143943,0.000904455
0.000453996,0.105201,-0.00132911,0.00105993
0.000464503,0.105201,-0.00120208,0.00120208
0.000474345,0.105201,-0.00105993,0.00132911
0.000483331,0.105201,-0.000904455,0.00143943
0.000490959,0.105201,-0.000737603,0.00153165
0.000496499,0.105201,-0.000561475,0.0016046
0.000499365,0.105201,-0.000378286,0.00165738
0.000500759,0.105201,-0.00019034,0.00168931
0.000510128,0.105201,-2.37368e-17,-0.0017
0.000500758,0.105201,-0.00019034,-0.00168931
0.000499364,0.105201,-0.000378286,-0.00165738
0.000496499,0.105201,-0.000561475,-0.0016046
0.000490959,0.105201,-0.000737603,-0.00153165
0.000483331,0.105201,-0.000904455,-0.00143943
0.000474344,0.105201,-0.00105993,-0.00132911
0.000464502,0.105201,-0.00120208,-0.00120208
0.000453996,0.105201,-0.00132911,-0.00105993
0.000442697,0.105201,-0.00143943,-0.000904455
0.000430171,0.105201,-0.00153165,-0.000737603
0.000415762,0.105201,-0.0016046,-0.000561475
0.000399026,0.105201,-0.00165738,-0.000378286
0.000381428,0.105201,-0.00168931,-0.00019034
0.000751841,0.105201,0.00168931,-0.00019034
0.000780476,0.105201,0.00165738,-0.000378286
0.000797947,0.105201,0.0016046,-0.000561475
0.000801455,0.105201,0.00153165,-0.000737603
0.000792654,0.105201,0.00143943,-0.000904455
0.000773713,0.105201,0.00132911,-0.00105993
0.000746377,0.105201,0.00120208,-0.00120208
0.000711761,0.105201,0.00105993,-0.00132911
0.000670311,0.105201,0.000904455,-0.00143943
0.000634555,0.105201,0.000737603,-0.00153165
0.000604655,0.105201,0.000561475,-0.0016046
0.0005713,0.105201,0.000378286,-0.00165738
0.000536296,0.105201,0.00019034,-0.00168931
0.000505636,0.105542,-2.30576e-17,0.0017
0.000530888,0.105542,0.00019034,0.00168931
0.000564888,0.105542,0.000378286,0.00165738
0.000597207,0.105542,0.000561475,0.0016046
0.000626049,0.105542,0.000737603,0.00153165
0.00065248,0.105542,0.000904455,0.00143943
0.000692051,0.105542,0.00105993,0.00132911
0.000724864,0.105542,0.00120208,0.00120208
0.000750515,0.105542,0.00132911,0.00105993
0.000767946,0.105542,0.00143943,0.000904455
0.000775476,0.105542,0.00153165,0.000737603
0.000771,0.105542,0.0016046,0.000561475
0.000752923,0.105542,0.00165738,0.000378286
0.000724047,0.105542,0.00168931,0.00019034
0.00070774,0.105542,0.0017,-3.77476e-19
0.000375592,0.105542,-0.0017,3.77476e-19
0.000384156,0.105542,-0.00168931,0.00019034
0.000401595,0.105542,-0.00165738,0.000378286
0.000418088,0.105542,-0.0016046,0.000561475
0.000432178,0.105542,-0.00153165,0.000737603
0.000444309,0.105542,-0.00143943,0.000904455
0.000455139,0.105542,-0.00132911,0.00105993
0.000465108,0.105542,-0.00120208,0.00120208
0.000474351,0.105542,-0.00105993,0.00132911
0.000482683,0.105542,-0.000904455,0.00143943
0.000489607,0.105542,-0.000737603,0.00153165
0.000494404,0.105542,-0.000561475,0.0016046
0.000496497,0.105542,-0.000378286,0.00165738
0.000497094,0.105542,-0.00019034,0.00168931
0.000505637,0.105542,-2.38126e-17,-0.0017
0.000497094,0.105542,-0.00019034,-0.00168931
0.000496496,0.105542,-0.000378286,-0.00165738
0.000494403,0.105542,-0.000561475,-0.0016046
0.000489607,0.105542,-0.000737603,-0.00153165
0.000482683,0.105542,-0.000904455,-0.00143943
0.000474351,0.105542,-0.00105993,-0.00132911
0.000465109,0.105542,-0.00120208,-0.00120208
0.000455139,0.105542,-0.00132911,-0.00105993
0.000444309,0.105542,-0.00143943,-0.000904455
0.000432178,0.105542,-0.00153165,-0.000737603
0.000418088,0.105542,-0.0016046,-0.000561475
0.000401595,0.105542,-0.00165738,-0.000378286
0.000384156,0.105542,-0.00168931,-0.00019034
0.000724047,0.105542,0.00168931,-0.00019034
0.000752923,0.105542,0.00165738,-0.000378286
0.000771,0.105542,0.0016046,-0.000561475
0.000775476,0.105542,0.00153165,-0.000737603
0.000767946,0.105542,0.00143943,-0.000904455
0.000750515,0.105542,0.00132911,-0.00105993
0.000724864,0.105542,0.00120208,-0.00120208
0.000692051,0.105542,0.00105993,-0.00132911
0.00065248,0.105542,0.000904455,-0.00143943
0.000626049,0.105542,0.000737603,-0.00153165
0.000597207,0.105542,0.000561475,-0.0016046
0.000564889,0.105542,0.000378286,-0.00165738
0.000530889,0.105542,0.00019034,-0.00168931
0.000501379,0.105884,-2.31334e-17,0.0017
0.000525766,0.105884,0.00019034,0.00168931
0.000558818,0.105884,0.000378286,0.00165738
0.000590159,0.105884,0.000561475,0.0016046
0.000618002,0.105884,0.000737603,0.00153165
0.000642376,0.105884,0.000904455,0.00143943
0.000673475,0.105884,0.00105993,0.00132911
0.000704604,0.105884,0.00120208,0.00120208
0.000728687,0.105884,0.00132911,0.00105993
0.000744716,0.105884,0.00143943,0.000904455
0.00075107,0.105884,0.00153165,0.000737603
0.000745704,0.105884,0.0016046,0.000561475
0.000727072,0.105884,0.00165738,0.000378286
0.000697985,0.105884,0.00168931,0.00019034
0.000684061,0.105884,0.0017,-3.77476e-19
0.000378147,0.105884,-0.0017,3.77476e-19
0.000386658,0.105884,-0.00168931,0.00019034
0.000403949,0.105884,-0.00165738,0.000378286
0.000420217,0.105884,-0.0016046,0.000561475
0.00043401,0.105884,-0.00153165,0.000737603
0.000445775,0.105884,-0.00143943,0.000904455
0.000456169,0.105884,-0.00132911,0.00105993
0.000465638,0.105884,-0.00120208,0.00120208
0.000474321,0.105884,-0.00105993,0.00132911
0.000482039,0.105884,-0.000904455,0.00143943
0.000488304,0.105884,-0.000737603,0.00153165
0.000492403,0.105884,-0.000561475,0.0016046
0.000493769,0.105884,-0.000378286,0.00165738
0.000493616,0.105884,-0.00019034,0.00168931
0.00050138,0.105884,-2.38884e-17,-0.0017
0.000493616,0.105884,-0.00019034,-0.00168931
0.000493769,0.105884,-0.000378286,-0.00165738
0.000492401,0.105884,-0.000561475,-0.0016046
0.000488303,0.105884,-0.000737603,-0.00153165
0.000482039,0.105884,-0.000904455,-0.00143943
0.000474321,0.105884,-0.00105993,-0.00132911
0.000465638,0.105884,-0.00120208,-0.00120208
0.000456169,0.105884,-0.00132911,-0.00105993
0.000445775,0.105884,-0.00143943,-0.000904455
0.00043401,0.105884,-0.00153165,-0.000737603
0.000420217,0.105884,-0.0016046,-0.000561475
0.000403948,0.105884,-0.00165738,-0.000378286
0.000386657,0.105884,-0.00168931,-0.00019034
0.000697985,0.105884,0.00168931,-0.00019034
0.000727072,0.105884,0.00165738,-0.000378286
0.000745704,0.105884,0.0016046,-0.000561475
0.000751069,0.105884,0.00153165,-0.000737603
0.000744716,0.105884,0.00143943,-0.000904455
0.000728687,0.105884,0.00132911,-0.00105993
0.000704604,0.105884,0.00120208,-0.00120208
0.000673475,0.105884,0.00105993,-0.00132911
0.000642376,0.105884,0.000904455,-0.00143943
0.000618002,0.105884,0.000737603,-0.00153165
0.00059016,0.105884,0.000561475,-0.0016046
0.000558819,0.105884,0.000378286,-0.00165738
0.000525768,0.105884,0.00019034,-0.00168931
0.000497334,0.106225,-2.32092e-17,0.0017
0.000520906,0.106225,0.00019034,0.00168931
0.00055306,0.106225,0.000378286,0.00165738
0.000583476,0.106225,0.000561475,0.0016046
0.000610375,0.106225,0.000737603,0.00153165
0.000633801,0.106225,0.000904455,0.00143943
0.000655945,0.106225,0.00105993,0.00132911
0.000685501,0.106225,0.00120208,0.00120208
0.00070812,0.106225,0.00132911,0.00105993
0.000722846,0.106225,0.00143943,0.000904455
0.000728109,0.106225,0.00153165,0.000737603
0.000721922,0.106225,0.0016046,0.000561475
0.000702785,0.106225,0.00165738,0.000378286
0.000677582,0.106225,0.00168931,0.00019034
0.000670318,0.106225,0.0017,-3.77476e-19
0.000380481,0.106225,-0.0017,3.77476e-19
0.000388942,0.106225,-0.00168931,0.00019034
0.000406095,0.106225,-0.00165738,0.000378286
0.000422156,0.106225,-0.0016046,0.000561475
0.000435675,0.106225,-0.00153165,0.000737603
0.000447099,0.106225,-0.00143943,0.000904455
0.000457088,0.106225,-0.00132911,0.00105993
0.000466091,0.106225,-0.00120208,0.00120208
0.000474251,0.106225,-0.00105993,0.00132911
0.000481394,0.106225,-0.000904455,0.00143943
0.00048704,0.106225,-0.000737603,0.00153165
0.000490484,0.106225,-0.000561475,0.0016046
0.000491168,0.106225,-0.000378286,0.00165738
0.000490307,0.106225,-0.00019034,0.00168931
0.000497334,0.106225,-2.39642e-17,-0.0017
0.000490307,0.106225,-0.00019034,-0.00168931
0.000491167,0.106225,-0.000378286,-0.00165738
0.000490482,0.106225,-0.000561475,-0.0016046
0.000487039,0.106225,-0.000737603,-0.00153165
0.000481393,0.106225,-0.000904455,-0.00143943
0.00047425,0.106225,-0.00105993,-0.00132911
0.000466091,0.106225,-0.00120208,-0.00120208
0.000457088,0.106225,-0.00132911,-0.00105993
0.000447099,0.106225,-0.00143943,-0.000904455
0.000435674,0.106225,-0.00153165,-0.000737603
0.000422156,0.106225,-0.0016046,-0.000561475
0.000406095,0.106225,-0.00165738,-0.000378286
0.000388941,0.106225,-0.00168931,-0.00019034
0.000677582,0.106225,0.00168931,-0.00019034
0.000702785,0.106225,0.00165738,-0.000378286
0.000721922,0.106225,0.0016046,-0.000561475
0.000728109,0.106225,0.00153165,-0.000737603
0.000722846,0.106225,0.00143943,-0.000904455
0.00070812,0.106225,0.00132911,-0.00105993
0.000685501,0.106225,0.00120208,-0.00120208
0.000655946,0.106225,0.00105993,-0.00132911
0.000633801,0.106225,0.000904455,-0.00143943
0.000610375,0.106225,0.000737603,-0.00153165
0.000583476,0.106225,0.000561475,-0.0016046
0.000553061,0.106225,0.000378286,-0.00165738
0.000520906,0.106225,0.00019034,-0.00168931
0.000493481,0.106567,-2.3285e-17,0.0017
0.000516282,0.106567,0.00019034,0.00168931
0.000547588,0.106567,0.000378286,0.00165738
0.000577126,0.106567,0.000561475,0.0016046
0.000603133,0.106567,0.000737603,0.00153165
0.000625664,0.106567,0.000904455,0.00143943
0.000644994,0.106567,0.00105993,0.00132911
0.000667465,0.106567,0.00120208,0.00120208
0.000688719,0.106567,0.00132911,0.00105993
0.00070223,0.106567,0.00143943,0.000904455
0.000706482,0.106567,0.00153165,0.000737603
0.000699538,0.106567,0.0016046,0.000561475
0.000679939,0.106567,0.00165738,0.000378286
0.000664638,0.106567,0.00168931,0.00019034
0.000657351,0.106567,0.0017,-3.77476e-19
0.000382605,0.106567,-0.0017,3.77476e-19
0.000391018,0.106567,-0.00168931,0.00019034
0.000408044,0.106567,-0.00165738,0.000378286
0.000423913,0.106567,-0.0016046,0.000561475
0.000437178,0.106567,-0.00153165,0.000737603
0.000448286,0.106567,-0.00143943,0.000904455
0.000457899,0.106567,-0.00132911,0.00105993
0.000466468,0.106567,-0.00120208,0.00120208
0.000474138,0.106567,-0.00105993,0.00132911
0.000480744,0.106567,-0.000904455,0.00143943
0.000485809,0.106567,-0.000737603,0.00153165
0.000488636,0.106567,-0.000561475,0.0016046
0.000488677,0.106567,-0.000378286,0.00165738
0.00048715,0.106567,-0.00019034,0.00168931
0.000493481,0.106567,-2.404e-17,-0.0017
0.00048715,0.106567,-0.00019034,-0.00168931
0.000488676,0.106567,-0.000378286,-0.00165738
0.000488635,0.106567,-0.000561475,-0.0016046
0.000485809,0.106567,-0.000737603,-0.00153165
0.000480743,0.106567,-0.000904455,-0.00143943
0.000474138,0.106567,-0.00105993,-0.00132911
0.000466468,0.106567,-0.00120208,-0.00120208
0.0004579,0.106567,-0.00132911,-0.00105993
0.000448286,0.106567,-0.00143943,-0.000904455
0.000437177,0.106567,-0.00153165,-0.000737603
0.000423912,0.106567,-0.0016046,-0.000561475
0.000408044,0.106567,-0.00165738,-0.000378286
0.000391018,0.106567,-0.00168931,-0.00019034
0.000664638,0.106567,0.00168931,-0.00019034
0.000679939,0.106567,0.00165738,-0.000378286
0.000699538,0.106567,0.0016046,-0.000561475
0.000706482,0.106567,0.00153165,-0.000737603
0.00070223,0.106567,0.00143943,-0.000904455
0.000688719,0.106567,0.00132911,-0.00105993
0.000667466,0.106567,0.00120208,-0.00120208
0.000644995,0.106567,0.00105993,-0.00132911
0.000625665,0.106567,0.000904455,-0.00143943
0.000603134,0.106567,0.000737603,-0.00153165
0.000577127,0.106567,0.000561475,-0.0016046
0.000547589,0.106567,0.000378286,-0.00165738
0.000516283,0.106567,0.00019034,-0.00168931
0.000489809,0.106908,-2.33609e-17,0.0017
0.000511879,0.106908,0.00019034,0.00168931
0.000542382,0.106908,0.000378286,0.00165738
0.00057109,0.106908,0.000561475,0.0016046
0.000596251,0.106908,0.000737603,0.00153165
0.000617937,0.106908,0.000904455,0.00143943
0.000636432,0.106908,0.00105993,0.00132911
0.000651819,0.106908,0.00120208,0.00120208
0.000670403,0.106908,0.00132911,0.00105993
0.000682783,0.106908,0.00143943,0.000904455
0.000686094,0.106908,0.00153165,0.000737603
0.000678451,0.106908,0.0016046,0.000561475
0.00066546,0.106908,0.00165738,0.000378286
0.000652414,0.106908,0.00168931,0.00019034
0.000645106,0.106908,0.0017,-3.77476e-19
0.00038453,0.106908,-0.0017,3.77476e-19
0.000392899,0.106908,-0.00168931,0.00019034
0.000409805,0.106908,-0.00165738,0.000378286
0.000425496,0.106908,-0.0016046,0.000561475
0.000438526,0.106908,-0.00153165,0.000737603
0.000449343,0.106908,-0.00143943,0.000904455
0.000458607,0.106908,-0.00132911,0.00105993
0.000466771,0.106908,-0.00120208,0.00120208
0.000473984,0.106908,-0.00105993,0.00132911
0.000480086,0.106908,-0.000904455,0.00143943
0.000484606,0.106908,-0.000737603,0.00153165
0.000486853,0.106908,-0.000561475,0.0016046
0.000486288,0.106908,-0.000378286,0.00165738
0.000484134,0.106908,-0.00019034,0.00168931
0.000489809,0.106908,-2.41158e-17,-0.0017
0.000484134,0.106908,-0.00019034,-0.00168931
0.000486288,0.106908,-0.000378286,-0.00165738
0.000486853,0.106908,-0.000561475,-0.0016046
0.000484606,0.106908,-0.000737603,-0.00153165
0.000480086,0.106908,-0.000904455,-0.00143943
0.000473984,0.106908,-0.00105993,-0.00132911
0.000466771,0.106908,-0.00120208,-0.00120208
0.000458607,0.106908,-0.00132911,-0.00105993
0.000449342,0.106908,-0.00143943,-0.000904455
0.000438526,0.106908,-0.00153165,-0.000737603
0.000425496,0.106908,-0.0016046,-0.000561475
0.000409805,0.106908,-0.00165738,-0.000378286
0.000392899,0.106908,-0.00168931,-0.00019034
0.000652414,0.106908,0.00168931,-0.00019034
0.00066546,0.106908,0.00165738,-0.000378286
0.000678451,0.106908,0.0016046,-0.000561475
0.000686094,0.106908,0.00153165,-0.000737603
0.000682783,0.106908,0.00143943,-0.000904455
0.000670403,0.106908,0.00132911,-0.00105993
0.000651819,0.106908,0.00120208,-0.00120208
0.000636433,0.106908,0.00105993,-0.00132911
0.000617937,0.106908,0.000904455,-0.00143943
0.000596253,0.106908,0.000737603,-0.00153165
0.000571091,0.106908,0.000561475,-0.0016046
0.000542382,0.106908,0.000378286,-0.00165738
0.00051188,0.106908,0.00019034,-0.00168931
0.000486309,0.107249,-2.34367e-17,0.0017
0.000507688,0.107249,0.00019034,0.00168931
0.000537428,0.107249,0.000378286,0.00165738
0.00056535,0.107249,0.000561475,0.0016046
0.000589714,0.107249,0.000737603,0.00153165
0.0006106,0.107249,0.000904455,0.00143943
0.000628308,0.107249,0.00105993,0.00132911
0.000642937,0.107249,0.00120208,0.00120208
0.000654293,0.107249,0.00132911,0.00105993
0.000664429,0.107249,0.00143943,0.000904455
0.000666868,0.107249,0.00153165,0.000737603
0.000662543,0.107249,0.0016046,0.000561475
0.000654026,0.107249,0.00165738,0.000378286
0.000640872,0.107249,0.00168931,0.00019034
0.000633546,0.107249,0.0017,-3.77476e-19
0.00038627,0.107249,-0.0017,3.77476e-19
0.000394598,0.107249,-0.00168931,0.00019034
0.000411394,0.107249,-0.00165738,0.000378286
0.00042692,0.107249,-0.0016046,0.000561475
0.000439732,0.107249,-0.00153165,0.000737603
0.000450278,0.107249,-0.00143943,0.000904455
0.000459218,0.107249,-0.00132911,0.00105993
0.000467005,0.107249,-0.00120208,0.00120208
0.000473792,0.107249,-0.00105993,0.00132911
0.000479421,0.107249,-0.000904455,0.00143943
0.00048343,0.107249,-0.000737603,0.00153165
0.000485132,0.107249,-0.000561475,0.0016046
0.000483997,0.107249,-0.000378286,0.00165738
0.000481253,0.107249,-0.00019034,0.00168931
0.000486309,0.107249,-2.41916e-17,-0.0017
0.000481253,0.107249,-0.00019034,-0.00168931
0.000483997,0.107249,-0.000378286,-0.00165738
0.000485132,0.107249,-0.000561475,-0.0016046
0.00048343,0.107249,-0.000737603,-0.00153165
0.000479421,0.107249,-0.000904455,-0.00143943
0.000473792,0.107249,-0.00105993,-0.00132911
0.000467005,0.107249,-0.00120208,-0.00120208
0.000459218,0.107249,-0.00132911,-0.00105993
0.000450277,0.107249,-0.00143943,-0.000904455
0.000439731,0.107249,-0.00153165,-0.000737603
0.000426919,0.107249,-0.0016046,-0.000561475
0.000411394,0.107249,-0.00165738,-0.000378286
0.000394598,0.107249,-0.00168931,-0.00019034
0.000640872,0.107249,0.00168931,-0.00019034
0.000654025,0.107249,0.00165738,-0.000378286
0.000662542,0.107249,0.0016046,-0.000561475
0.000666868,0.107249,0.00153165,-0.000737603
0.000664429,0.107249,0.00143943,-0.000904455
0.000654293,0.107249,0.00132911,-0.00105993
0.000642938,0.107249,0.00120208,-0.00120208
0.000628309,0.107249,0.00105993,-0.00132911
0.000610601,0.107249,0.000904455,-0.00143943
0.000589715,0.107249,0.000737603,-0.00153165
0.00056535,0.107249,0.000561475,-0.0016046
0.000537428,0.107249,0.000378286,-0.00165738
0.000507687,0.107249,0.00019034,-0.00168931
0.000482975,0.107591,-2.35125e-17,0.0017
0.0005037,0.107591,0.00019034,0.00168931
0.000532719,0.107591,0.000378286,0.00165738
0.000559898,0.107591,0.000561475,0.0016046
0.000583508,0.107591,0.000737603,0.00153165
0.000603641,0.107591,0.000904455,0.00143943
0.000620609,0.107591,0.00105993,0.00132911
0.000634525,0.107591,0.00120208,0.00120208
0.000645215,0.107591,0.00132911,0.00105993
0.000652214,0.107591,0.00143943,0.000904455
0.000654776,0.107591,0.00153165,0.000737603
0.000651989,0.107591,0.0016046,0.000561475
0.000643234,0.107591,0.00165738,0.000378286
0.000629982,0.107591,0.00168931,0.00019034
0.000622642,0.107591,0.0017,-3.77476e-19
0.000387845,0.107591,-0.0017,3.77476e-19
0.000396135,0.107591,-0.00168931,0.00019034
0.000412828,0.107591,-0.00165738,0.000378286
0.000428201,0.107591,-0.0016046,0.000561475
0.000440811,0.107591,-0.00153165,0.000737603
0.000451105,0.107591,-0.00143943,0.000904455
0.000459744,0.107591,-0.00132911,0.00105993
0.000467181,0.107591,-0.00120208,0.00120208
0.00047357,0.107591,-0.00105993,0.00132911
0.000478757,0.107591,-0.000904455,0.00143943
0.000482286,0.107591,-0.000737603,0.00153165
0.000483477,0.107591,-0.000561475,0.0016046
0.000481804,0.107591,-0.000378286,0.00165738
0.000478503,0.107591,-0.00019034,0.00168931
0.000482974,0.107591,-2.42674e-17,-0.0017
0.000478502,0.107591,-0.00019034,-0.00168931
0.000481804,0.107591,-0.000378286,-0.00165738
0.000483476,0.107591,-0.000561475,-0.0016046
0.000482286,0.107591,-0.000737603,-0.00153165
0.000478757,0.107591,-0.000904455,-0.00143943
0.00047357,0.107591,-0.00105993,-0.00132911
0.000467181,0.107591,-0.00120208,-0.00120208
0.000459745,0.107591,-0.00132911,-0.00105993
0.000451105,0.107591,-0.00143943,-0.000904455
0.00044081,0.107591,-0.00153165,-0.000737603
0.0004282,0.107591,-0.0016046,-0.000561475
0.000412828,0.107591,-0.00165738,-0.000378286
0.000396135,0.107591,-0.00168931,-0.00019034
0.000629982,0.107591,0.00168931,-0.00019034
0.000643233,0.107591,0.00165738,-0.000378286
0.000651988,0.107591,0.0016046,-0.000561475
0.000654776,0.107591,0.00153165,-0.000737603
0.000652214,0.107591,0.00143943,-0.000904455
0.000645215,0.107591,0.00132911,-0.00105993
0.000634525,0.107591,0.00120208,-0.00120208
0.000620609,0.107591,0.00105993,-0.00132911
0.000603641,0.107591,0.000904455,-0.00143943
0.000583509,0.107591,0.000737603,-0.00153165
0.000559897,0.107591,0.000561475,-0.0016046
0.000532719,0.107591,0.000378286,-0.00165738
0.000503699,0.107591,0.00019034,-0.00168931
0.000479804,0.107932,-2.35883e-17,0.0017
0.000499911,0.107932,0.00019034,0.00168931
0.00052825,0.107932,0.000378286,0.00165738
0.000554726,0.107932,0.000561475,0.0016046
0.000577625,0.107932,0.000737603,0.00153165
0.000597047,0.107932,0.000904455,0.00143943
0.000613318,0.107932,0.00105993,0.00132911
0.000626566,0.107932,0.00120208,0.00120208
0.000636633,0.107932,0.00132911,0.00105993
0.000643074,0.107932,0.00143943,0.000904455
0.00064517,0.107932,0.00153165,0.000737603
0.00064203,0.107932,0.0016046,0.000561475
0.000633054,0.107932,0.00165738,0.000378286
0.000619714,0.107932,0.00168931,0.00019034
0.00061236,0.107932,0.0017,-3.77476e-19
0.000389282,0.107932,-0.0017,3.77476e-19
0.000397535,0.107932,-0.00168931,0.00019034
0.000414132,0.107932,-0.00165738,0.000378286
0.000429361,0.107932,-0.0016046,0.000561475
0.000441784,0.107932,-0.00153165,0.000737603
0.000451845,0.107932,-0.00143943,0.000904455
0.000460204,0.107932,-0.00132911,0.00105993
0.000467313,0.107932,-0.00120208,0.00120208
0.00047333,0.107932,-0.00105993,0.00132911
0.000478105,0.107932,-0.000904455,0.00143943
0.000481183,0.107932,-0.000737603,0.00153165
0.000481891,0.107932,-0.000561475,0.0016046
0.000479713,0.107932,-0.000378286,0.00165738
0.000475885,0.107932,-0.00019034,0.00168931
0.000479804,0.107932,-2.43432e-17,-0.0017
0.000475885,0.107932,-0.00019034,-0.00168931
0.000479713,0.107932,-0.000378286,-0.00165738
0.000481891,0.107932,-0.000561475,-0.0016046
0.000481183,0.107932,-0.000737603,-0.00153165
0.000478105,0.107932,-0.000904455,-0.00143943
0.00047333,0.107932,-0.00105993,-0.00132911
0.000467313,0.107932,-0.00120208,-0.00120208
0.000460204,0.107932,-0.00132911,-0.00105993
0.000451846,0.107932,-0.00143943,-0.000904455
0.000441784,0.107932,-0.00153165,-0.000737603
0.000429361,0.107932,-0.0016046,-0.000561475
0.000414132,0.107932,-0.00165738,-0.000378286
0.000397535,0.107932,-0.00168931,-0.00019034
0.000619714,0.107932,0.00168931,-0.00019034
0.000633054,0.107932,0.00165738,-0.000378286
0.00064203,0.107932,0.0016046,-0.000561475
0.00064517,0.107932,0.00153165,-0.000737603
0.000643074,0.107932,0.00143943,-0.000904455
0.000636633,0.107932,0.00132911,-0.00105993
0.000626565,0.107932,0.00120208,-0.00120208
0.000613318,0.107932,0.00105993,-0.00132911
0.000597047,0.107932,0.000904455,-0.00143943
0.000577625,0.107932,0.000737603,-0.00153165
0.000554726,0.107932,0.000561475,-0.0016046
0.00052825,0.107932,0.000378286,-0.00165738
0.000499911,0.107932,0.00019034,-0.00168931
0.000476797,0.108274,-2.36641e-17,0.0017
0.00049632,0.108274,0.00019034,0.00168931
0.000524013,0.108274,0.000378286,0.00165738
0.000549825,0.108274,0.000561475,0.0016046
0.000572051,0.108274,0.000737603,0.00153165
0.000590804,0.108274,0.000904455,0.00143943
0.000606419,0.108274,0.00105993,0.00132911
0.000619037,0.108274,0.00120208,0.00120208
0.00062852,0.108274,0.00132911,0.00105993
0.000634441,0.108274,0.00143943,0.000904455
0.000636102,0.108274,0.00153165,0.000737603
0.000632634,0.108274,0.0016046,0.000561475
0.000623452,0.108274,0.00165738,0.000378286
0.00061003,0.108274,0.00168931,0.00019034
0.000602666,0.108274,0.0017,-3.77476e-19
0.000390607,0.108274,-0.0017,3.77476e-19
0.000398826,0.108274,-0.00168931,0.00019034
0.000415332,0.108274,-0.00165738,0.000378286
0.000430428,0.108274,-0.0016046,0.000561475
0.000442676,0.108274,-0.00153165,0.000737603
0.00045252,0.108274,-0.00143943,0.000904455
0.000460617,0.108274,-0.00132911,0.00105993
0.00046742,0.108274,-0.00120208,0.00120208
0.000473089,0.108274,-0.00105993,0.00132911
0.000477475,0.108274,-0.000904455,0.00143943
0.000480129,0.108274,-0.000737603,0.00153165
0.000480382,0.108274,-0.000561475,0.0016046
0.000477726,0.108274,-0.000378286,0.00165738
0.000473401,0.108274,-0.00019034,0.00168931
0.000476797,0.108274,-2.44191e-17,-0.0017
0.000473401,0.108274,-0.00019034,-0.00168931
0.000477725,0.108274,-0.000378286,-0.00165738
0.000480382,0.108274,-0.000561475,-0.0016046
0.000480129,0.108274,-0.000737603,-0.00153165
0.000477475,0.108274,-0.000904455,-0.00143943
0.000473089,0.108274,-0.00105993,-0.00132911
0.00046742,0.108274,-0.00120208,-0.00120208
0.000460617,0.108274,-0.00132911,-0.00105993
0.00045252,0.108274,-0.00143943,-0.000904455
0.000442676,0.108274,-0.00153165,-0.000737603
0.000430428,0.108274,-0.0016046,-0.000561475
0.000415332,0.108274,-0.00165738,-0.000378286
0.000398826,0.108274,-0.00168931,-0.00019034
0.00061003,0.108274,0.00168931,-0.00019034
0.000623452,0.108274,0.00165738,-0.000378286
0.000632634,0.108274,0.0016046,-0.000561475
0.000636102,0.108274,0.00153165,-0.000737603
0.000634441,0.108274,0.00143943,-0.000904455
0.00062852,0.108274,0.00132911,-0.00105993
0.000619037,0.108274,0.00120208,-0.00120208
0.000606419,0.108274,0.00105993,-0.00132911
0.000590804,0.108274,0.000904455,-0.00143943
0.000572051,0.108274,0.000737603,-0.00153165
0.000549825,0.108274,0.000561475,-0.0016046
0.000524013,0.108274,0.000378286,-0.00165738
0.000496319,0.108274,0.00019034,-0.00168931
0.00047395,0.108615,-2.37399e-17,0.0017
0.000492916,0.108615,0.00019034,0.00168931
0.000519999,0.108615,0.000378286,0.00165738
0.000545181,0.108615,0.000561475,0.0016046
0.00056677,0.108615,0.000737603,0.00153165
0.00058489,0.108615,0.000904455,0.00143943
0.000599886,0.108615,0.00105993,0.00132911
0.000611912,0.108615,0.00120208,0.00120208
0.000620846,0.108615,0.00132911,0.00105993
0.000626278,0.108615,0.00143943,0.000904455
0.00062753,0.108615,0.00153165,0.000737603
0.000623755,0.108615,0.0016046,0.000561475
0.000614383,0.108615,0.00165738,0.000378286
0.000600887,0.108615,0.00168931,0.00019034
0.000593513,0.108615,0.0017,-3.77476e-19
0.000391848,0.108615,-0.0017,3.77476e-19
0.000400035,0.108615,-0.00168931,0.00019034
0.000416455,0.108615,-0.00165738,0.000378286
0.000431426,0.108615,-0.0016046,0.000561475
0.000443512,0.108615,-0.00153165,0.000737603
0.000453153,0.108615,-0.00143943,0.000904455
0.000461005,0.108615,-0.00132911,0.00105993
0.000467521,0.108615,-0.00120208,0.00120208
0.000472861,0.108615,-0.00105993,0.00132911
0.000476879,0.108615,-0.000904455,0.00143943
0.000479133,0.108615,-0.000737603,0.00153165
0.000478955,0.108615,-0.000561475,0.0016046
0.000475846,0.108615,-0.000378286,0.00165738
0.00047105,0.108615,-0.00019034,0.00168931
0.000473949,0.108615,-2.44949e-17,-0.0017
0.00047105,0.108615,-0.00019034,-0.00168931
0.000475846,0.108615,-0.000378286,-0.00165738
0.000478955,0.108615,-0.000561475,-0.0016046
0.000479133,0.108615,-0.000737603,-0.00153165
0.000476879,0.108615,-0.000904455,-0.00143943
0.000472861,0.108615,-0.00105993,-0.00132911
0.000467521,0.108615,-0.00120208,-0.00120208
0.000461005,0.108615,-0.00132911,-0.00105993
0.000453153,0.108615,-0.00143943,-0.000904455
0.000443512,0.108615,-0.00153165,-0.000737603
0.000431426,0.108615,-0.0016046,-0.000561475
0.000416455,0.108615,-0.00165738,-0.000378286
0.000400035,0.108615,-0.00168931,-0.00019034
0.000600887,0.108615,0.00168931,-0.00019034
0.000614383,0.108615,0.00165738,-0.000378286
0.000623755,0.108615,0.0016046,-0.000561475
0.00062753,0.108615,0.00153165,-0.000737603
0.000626278,0.108615,0.00143943,-0.000904455
0.000620846,0.108615,0.00132911,-0.00105993
0.000611912,0.108615,0.00120208,-0.00120208
0.000599885,0.108615,0.00105993,-0.00132911
0.00058489,0.108615,0.000904455,-0.00143943
0.00056677,0.108615,0.000737603,-0.00153165
0.000545181,0.108615,0.000561475,-0.0016046
0.000519999,0.108615,0.000378286,-0.00165738
0.000492915,0.108615,0.00019034,-0.00168931
0.000471255,0.108956,-2.38157e-17,0.0017
0.000489691,0.108956,0.00019034,0.00168931
0.000516191,0.108956,0.000378286,0.00165738
0.000540776,0.108956,0.000561475,0.0016046
0.000561759,0.108956,0.000737603,0.00153165
0.000579278,0.108956,0.000904455,0.00143943
0.000593687,0.108956,0.00105993,0.00132911
0.000605153,0.108956,0.00120208,0.00120208
0.000613568,0.108956,0.00132911,0.00105993
0.000618539,0.108956,0.00143943,0.000904455
0.000619409,0.108956,0.00153165,0.000737603
0.000615346,0.108956,0.0016046,0.000561475
0.000605796,0.108956,0.00165738,0.000378286
0.000592231,0.108956,0.00168931,0.00019034
0.000584848,0.108956,0.0017,-3.77476e-19
0.000393032,0.108956,-0.0017,3.77476e-19
0.000401189,0.108956,-0.00168931,0.00019034
0.000417528,0.108956,-0.00165738,0.000378286
0.000432383,0.108956,-0.0016046,0.000561475
0.000444316,0.108956,-0.00153165,0.000737603
0.000453765,0.108956,-0.00143943,0.000904455
0.000461386,0.108956,-0.00132911,0.00105993
0.000467631,0.108956,-0.00120208,0.00120208
0.000472659,0.108956,-0.00105993,0.00132911
0.00047633,0.108956,-0.000904455,0.00143943
0.000478202,0.108956,-0.000737603,0.00153165
0.000477615,0.108956,-0.000561475,0.0016046
0.000474073,0.108956,-0.000378286,0.00165738
0.000468828,0.108956,-0.00019034,0.00168931
0.000471255,0.108956,-2.45707e-17,-0.0017
0.000468828,0.108956,-0.00019034,-0.00168931
0.000474073,0.108956,-0.000378286,-0.00165738
0.000477615,0.108956,-0.000561475,-0.0016046
0.000478202,0.108956,-0.000737603,-0.00153165
0.00047633,0.108956,-0.000904455,-0.00143943
0.000472659,0.108956,-0.00105993,-0.00132911
0.000467631,0.108956,-0.00120208,-0.00120208
0.000461386,0.108956,-0.00132911,-0.00105993
0.000453766,0.108956,-0.00143943,-0.000904455
0.000444316,0.108956,-0.00153165,-0.000737603
0.000432383,0.108956,-0.0016046,-0.000561475
0.000417528,0.108956,-0.00165738,-0.000378286
0.000401189,0.108956,-0.00168931,-0.00019034
0.000592231,0.108956,0.00168931,-0.00019034
0.000605796,0.108956,0.00165738,-0.000378286
0.000615346,0.108956,0.0016046,-0.000561475
0.000619409,0.108956,0.00153165,-0.000737603
0.000618539,0.108956,0.00143943,-0.000904455
0.000613568,0.108956,0.00132911,-0.00105993
0.000605153,0.108956,0.00120208,-0.00120208
0.000593687,0.108956,0.00105993,-0.00132911
0.000579278,0.108956,0.000904455,-0.00143943
0.000561759,0.108956,0.000737603,-0.00153165
0.000540776,0.108956,0.000561475,-0.0016046
0.000516191,0.108956,0.000378286,-0.00165738
0.000489691,0.108956,0.00019034,-0.00168931
0.000468702,0.109298,-2.38915e-17,0.0017
0.000486631,0.109298,0.00019034,0.00168931
0.000512573,0.109298,0.000378286,0.00165738
0.000536586,0.109298,0.000561475,0.0016046
0.000556992,0.109298,0.000737603,0.00153165
0.000573938,0.109298,0.000904455,0.00143943
0.000587788,0.109298,0.00105993,0.00132911
0.000598722,0.109298,0.00120208,0.00120208
0.000606646,0.109298,0.00132911,0.00105993
0.000611182,0.109298,0.00143943,0.000904455
0.000611691,0.109298,0.00153165,0.000737603
0.000607357,0.109298,0.0016046,0.000561475
0.00059764,0.109298,0.00165738,0.000378286
0.00058401,0.109298,0.00168931,0.00019034
0.000576619,0.109298,0.0017,-3.77476e-19
0.000394182,0.109298,-0.0017,3.77476e-19
0.000402309,0.109298,-0.00168931,0.00019034
0.000418572,0.109298,-0.00165738,0.000378286
0.000433316,0.109298,-0.0016046,0.000561475
0.000445104,0.109298,-0.00153165,0.000737603
0.000454372,0.109298,-0.00143943,0.000904455
0.000461774,0.109298,-0.00132911,0.00105993
0.00046776,0.109298,-0.00120208,0.00120208
0.000472493,0.109298,-0.00105993,0.00132911
0.000475831,0.109298,-0.000904455,0.00143943
0.000477339,0.109298,-0.000737603,0.00153165
0.00047636,0.109298,-0.000561475,0.0016046
0.000472404,0.109298,-0.000378286,0.00165738
0.000466727,0.109298,-0.00019034,0.00168931
0.000468702,0.109298,-2.46465e-17,-0.0017
0.000466727,0.109298,-0.00019034,-0.00168931
0.000472404,0.109298,-0.000378286,-0.00165738
0.00047636,0.109298,-0.000561475,-0.0016046
0.000477339,0.109298,-0.000737603,-0.00153165
0.000475831,0.109298,-0.000904455,-0.00143943
0.000472493,0.109298,-0.00105993,-0.00132911
0.00046776,0.109298,-0.00120208,-0.00120208
0.000461774,0.109298,-0.00132911,-0.00105993
0.000454372,0.109298,-0.00143943,-0.000904455
0.000445104,0.109298,-0.00153165,-0.000737603
0.000433316,0.109298,-0.0016046,-0.000561475
0.000418572,0.109298,-0.00165738,-0.000378286
0.000402309,0.109298,-0.00168931,-0.00019034
0.00058401,0.109298,0.00168931,-0.00019034
0.00059764,0.109298,0.00165738,-0.000378286
0.000607357,0.109298,0.0016046,-0.000561475
0.000611691,0.109298,0.00153165,-0.000737603
0.000611182,0.109298,0.00143943,-0.000904455
0.000606646,0.109298,0.00132911,-0.00105993
0.000598722,0.109298,0.00120208,-0.00120208
0.000587788,0.109298,0.00105993,-0.00132911
0.000573938,0.109298,0.000904455,-0.00143943
0.000556992,0.109298,0.000737603,-0.00153165
0.000536586,0.109298,0.000561475,-0.0016046
0.000512573,0.109298,0.000378286,-0.00165738
0.000486631,0.109298,0.00019034,-0.00168931
0.000466277,0.109639,-2.39673e-17,0.0017
0.000483719,0.109639,0.00019034,0.00168931
0.000509126,0.109639,0.000378286,0.00165738
0.000532588,0.109639,0.000561475,0.0016046
0.000552441,0.109639,0.000737603,0.00153165
0.000568839,0.109639,0.000904455,0.00143943
0.000582156,0.109639,0.00105993,0.00132911
0.000592584,0.109639,0.00120208,0.00120208
0.00060004,0.109639,0.00132911,0.00105993
0.000604164,0.109639,0.00143943,0.000904455
0.00060433,0.109639,0.00153165,0.000737603
0.000599741,0.109639,0.0016046,0.000561475
0.000589866,0.109639,0.00165738,0.000378286
0.000576177,0.109639,0.00168931,0.00019034
0.00056878,0.109639,0.0017,-3.77476e-19
0.00039531,0.109639,-0.0017,3.77476e-19
0.00040341,0.109639,-0.00168931,0.00019034
0.0004196,0.109639,-0.00165738,0.000378286
0.000434238,0.109639,-0.0016046,0.000561475
0.000445887,0.109639,-0.00153165,0.000737603
0.000454984,0.109639,-0.00143943,0.000904455
0.000462176,0.109639,-0.00132911,0.00105993
0.000467915,0.109639,-0.00120208,0.00120208
0.000472364,0.109639,-0.00105993,0.00132911
0.000475384,0.109639,-0.000904455,0.00143943
0.000476542,0.109639,-0.000737603,0.00153165
0.000475185,0.109639,-0.000561475,0.0016046
0.000470831,0.109639,-0.000378286,0.00165738
0.000464739,0.109639,-0.00019034,0.00168931
0.000466277,0.109639,-2.47223e-17,-0.0017
0.000464739,0.109639,-0.00019034,-0.00168931
0.000470831,0.109639,-0.000378286,-0.00165738
0.000475185,0.109639,-0.000561475,-0.0016046
0.000476542,0.109639,-0.000737603,-0.00153165
0.000475384,0.109639,-0.000904455,-0.00143943
0.000472364,0.109639,-0.00105993,-0.00132911
0.000467915,0.109639,-0.00120208,-0.00120208
0.000462176,0.109639,-0.00132911,-0.00105993
0.000454984,0.109639,-0.00143943,-0.000904455
0.000445887,0.109639,-0.00153165,-0.000737603
0.000434238,0.109639,-0.0016046,-0.000561475
0.0004196,0.109639,-0.00165738,-0.000378286
0.00040341,0.109639,-0.00168931,-0.00019034
0.000576177,0.109639,0.00168931,-0.00019034
0.000589866,0.109639,0.00165738,-0.000378286
0.000599741,0.109639,0.0016046,-0.000561475
0.00060433,0.109639,0.00153165,-0.000737603
0.000604164,0.109639,0.00143943,-0.000904455
0.00060004,0.109639,0.00132911,-0.00105993
0.000592584,0.109639,0.00120208,-0.00120208
0.000582156,0.109639,0.00105993,-0.00132911
0.000568839,0.109639,0.000904455,-0.00143943
0.000552442,0.109639,0.000737603,-0.00153165
0.000532589,0.109639,0.000561475,-0.0016046
0.000509126,0.109639,0.000378286,-0.00165738
0.000483719,0.109639,0.00019034,-0.00168931
0.000463969,0.109981,-2.40432e-17,0.0017
0.000480939,0.109981,0.00019034,0.00168931
0.000505831,0.109981,0.000378286,0.00165738
0.000528764,0.109981,0.000561475,0.0016046
0.000548085,0.109981,0.000737603,0.00153165
0.000563957,0.109981,0.000904455,0.00143943
0.000576763,0.109981,0.00105993,0.00132911
0.000586707,0.109981,0.00120208,0.00120208
0.000593718,0.109981,0.00132911,0.00105993
0.000597449,0.109981,0.00143943,0.000904455
0.00059729,0.109981,0.00153165,0.000737603
0.000592458,0.109981,0.0016046,0.000561475
0.000582436,0.109981,0.00165738,0.000378286
0.000568692,0.109981,0.00168931,0.00019034
0.000561289,0.109981,0.0017,-3.77476e-19
0.000396426,0.109981,-0.0017,3.77476e-19
0.000404499,0.109981,-0.00168931,0.00019034
0.000420619,0.109981,-0.00165738,0.000378286
0.000435155,0.109981,-0.0016046,0.000561475
0.000446673,0.109981,-0.00153165,0.000737603
0.000455604,0.109981,-0.00143943,0.000904455
0.000462595,0.109981,-0.00132911,0.00105993
0.000468097,0.109981,-0.00120208,0.00120208
0.000472273,0.109981,-0.00105993,0.00132911
0.000474986,0.109981,-0.000904455,0.00143943
0.000475805,0.109981,-0.000737603,0.00153165
0.000474084,0.109981,-0.000561475,0.0016046
0.000469346,0.109981,-0.000378286,0.00165738
0.000462854,0.109981,-0.00019034,0.00168931
0.000463969,0.109981,-2.47981e-17,-0.0017
0.000462854,0.109981,-0.00019034,-0.00168931
0.000469346,0.109981,-0.000378286,-0.00165738
0.000474084,0.109981,-0.000561475,-0.0016046
0.000475805,0.109981,-0.000737603,-0.00153165
0.000474986,0.109981,-0.000904455,-0.00143943
0.000472273,0.109981,-0.00105993,-0.00132911
0.000468097,0.109981,-0.00120208,-0.00120208
0.000462595,0.109981,-0.00132911,-0.00105993
0.000455604,0.109981,-0.00143943,-0.000904455
0.000446673,0.109981,-0.00153165,-0.000737603
0.000435155,0.109981,-0.0016046,-0.000561475
0.000420619,0.109981,-0.00165738,-0.000378286
0.000404499,0.109981,-0.00168931,-0.00019034
0.000568692,0.109981,0.00168931,-0.00019034
0.000582436,0.109981,0.00165738,-0.000378286
0.000592458,0.109981,0.0016046,-0.000561475
0.00059729,0.109981,0.00153165,-0.000737603
0.000597449,0.109981,0.00143943,-0.000904455
0.000593718,0.109981,0.00132911,-0.00105993
0.000586707,0.109981,0.00120208,-0.00120208
0.000576764,0.109981,0.00105993,-0.00132911
0.000563957,0.109981,0.000904455,-0.00143943
0.000548085,0.109981,0.000737603,-0.00153165
0.000528765,0.109981,0.000561475,-0.0016046
0.000505831,0.109981,0.000378286,-0.00165738
0.000480939,0.109981,0.00019034,-0.00168931
0.000461765,0.110322,-2.4119e-17,0.0017
0.000478279,0.110322,0.00019034,0.00168931
0.000502674,0.110322,0.000378286,0.00165738
0.000525098,0.110322,0.000561475,0.0016046
0.000543906,0.110322,0.000737603,0.00153165
0.000559273,0.110322,0.000904455,0.00143943
0.000571591,0.110322,0.00105993,0.00132911
0.000581072,0.110322,0.00120208,0.00120208
0.000587657,0.110322,0.00132911,0.00105993
0.000591015,0.110322,0.00143943,0.000904455
0.000590547,0.110322,0.00153165,0.000737603
0.000585486,0.110322,0.0016046,0.000561475
0.000575324,0.110322,0.00165738,0.000378286
0.000561528,0.110322,0.00168931,0.00019034
0.00055412,0.110322,0.0017,-3.77476e-19
0.000397533,0.110322,-0.0017,3.77476e-19
0.00040558,0.110322,-0.00168931,0.00019034
0.000421633,0.110322,-0.00165738,0.000378286
0.000436071,0.110322,-0.0016046,0.000561475
0.000447461,0.110322,-0.00153165,0.000737603
0.000456233,0.110322,-0.00143943,0.000904455
0.000463031,0.110322,-0.00132911,0.00105993
0.000468303,0.110322,-0.00120208,0.00120208
0.000472215,0.110322,-0.00105993,0.00132911
0.000474631,0.110322,-0.000904455,0.00143943
0.000475124,0.110322,-0.000737603,0.00153165
0.000473051,0.110322,-0.000561475,0.0016046
0.000467939,0.110322,-0.000378286,0.00165738
0.00046106,0.110322,-0.00019034,0.00168931
0.000461765,0.110322,-2.48739e-17,-0.0017
0.00046106,0.110322,-0.00019034,-0.00168931
0.000467939,0.110322,-0.000378286,-0.00165738
0.000473051,0.110322,-0.000561475,-0.0016046
0.000475124,0.110322,-0.000737603,-0.00153165
0.000474631,0.110322,-0.000904455,-0.00143943
0.000472215,0.110322,-0.00105993,-0.00132911
0.000468303,0.110322,-0.00120208,-0.00120208
0.000463031,0.110322,-0.00132911,-0.00105993
0.000456233,0.110322,-0.00143943,-0.000904455
0.000447461,0.110322,-0.00153165,-0.000737603
0.000436071,0.110322,-0.0016046,-0.000561475
0.000421633,0.110322,-0.00165738,-0.000378286
0.00040558,0.110322,-0.00168931,-0.00019034
0.000561528,0.110322,0.00168931,-0.00019034
0.000575324,0.110322,0.00165738,-0.000378286
0.000585486,0.110322,0.0016046,-0.000561475
0.000590547,0.110322,0.00153165,-0.000737603
0.000591015,0.110322,0.00143943,-0.000904455
0.000587657,0.110322,0.00132911,-0.00105993
0.000581071,0.110322,0.00120208,-0.00120208
0.000571591,0.110322,0.00105993,-0.00132911
0.000559273,0.110322,0.000904455,-0.00143943
0.000543907,0.110322,0.000737603,-0.00153165
0.000525099,0.110322,0.000561475,-0.0016046
0.000502675,0.110322,0.000378286,-0.00165738
0.000478279,0.110322,0.00019034,-0.00168931
0.000459656,0.110664,-2.41948e-17,0.0017
0.000475732,0.110664,0.00019034,0.00168931
0.000499648,0.110664,0.000378286,0.00165738
0.00052158,0.110664,0.000561475,0.0016046
0.000539896,0.110664,0.000737603,0.00153165
0.000554777,0.110664,0.000904455,0.00143943
0.000566627,0.110664,0.00105993,0.00132911
0.000575664,0.110664,0.00120208,0.00120208
0.000581844,0.110664,0.00132911,0.00105993
0.000584846,0.110664,0.00143943,0.000904455
0.000584085,0.110664,0.00153165,0.000737603
0.000578805,0.110664,0.0016046,0.000561475
0.000568512,0.110664,0.00165738,0.000378286
0.000554668,0.110664,0.00168931,0.00019034
0.000547254,0.110664,0.0017,-3.77476e-19
0.00039863,0.110664,-0.0017,3.77476e-19
0.000406652,0.110664,-0.00168931,0.00019034
0.000422639,0.110664,-0.00165738,0.000378286
0.000436983,0.110664,-0.0016046,0.000561475
0.00044825,0.110664,-0.00153165,0.000737603
0.000456868,0.110664,-0.00143943,0.000904455
0.000463478,0.110664,-0.00132911,0.00105993
0.00046853,0.110664,-0.00120208,0.00120208
0.000472186,0.110664,-0.00105993,0.00132911
0.000474315,0.110664,-0.000904455,0.00143943
0.000474491,0.110664,-0.000737603,0.00153165
0.000472076,0.110664,-0.000561475,0.0016046
0.000466603,0.110664,-0.000378286,0.00165738
0.000459348,0.110664,-0.00019034,0.00168931
0.000459656,0.110664,-2.49497e-17,-0.0017
0.000459348,0.110664,-0.00019034,-0.00168931
0.000466603,0.110664,-0.000378286,-0.00165738
0.000472076,0.110664,-0.000561475,-0.0016046
0.000474491,0.110664,-0.000737603,-0.00153165
0.000474315,0.110664,-0.000904455,-0.00143943
0.000472186,0.110664,-0.00105993,-0.00132911
0.00046853,0.110664,-0.00120208,-0.00120208
0.000463478,0.110664,-0.00132911,-0.00105993
0.000456868,0.110664,-0.00143943,-0.000904455
0.00044825,0.110664,-0.00153165,-0.000737603
0.000436983,0.110664,-0.0016046,-0.000561475
0.000422639,0.110664,-0.00165738,-0.000378286
0.000406652,0.110664,-0.00168931,-0.00019034
0.000554668,0.110664,0.00168931,-0.00019034
0.000568512,0.110664,0.00165738,-0.000378286
0.000578805,0.110664,0.0016046,-0.000561475
0.000584085,0.110664,0.00153165,-0.000737603
0.000584846,0.110664,0.00143943,-0.000904455
0.000581844,0.110664,0.00132911,-0.00105993
0.000575664,0.110664,0.00120208,-0.00120208
0.000566627,0.110664,0.00105993,-0.00132911
0.000554777,0.110664,0.000904455,-0.00143943
0.000539897,0.110664,0.000737603,-0.00153165
0.000521581,0.110664,0.000561475,-0.0016046
0.000499649,0.110664,0.000378286,-0.00165738
0.000475732,0.110664,0.00019034,-0.00168931
0.000457642,0.111005,-2.42706e-17,0.0017
0.000473292,0.111005,0.00019034,0.00168931
0.000496746,0.111005,0.000378286,0.00165738
0.000518205,0.111005,0.000561475,0.0016046
0.000536048,0.111005,0.000737603,0.00153165
0.000550464,0.111005,0.000904455,0.00143943
0.000561864,0.111005,0.00105993,0.00132911
0.000570478,0.111005,0.00120208,0.00120208
0.000576272,0.111005,0.00132911,0.00105993
0.000578935,0.111005,0.00143943,0.000904455
0.000577895,0.111005,0.00153165,0.000737603
0.00057241,0.111005,0.0016046,0.000561475
0.000561991,0.111005,0.00165738,0.000378286
0.000548102,0.111005,0.00168931,0.00019034
0.000540685,0.111005,0.0017,-3.77476e-19
0.000399718,0.111005,-0.0017,3.77476e-19
0.000407714,0.111005,-0.00168931,0.00019034
0.000423638,0.111005,-0.00165738,0.000378286
0.00043789,0.111005,-0.0016046,0.000561475
0.000449038,0.111005,-0.00153165,0.000737603
0.000457506,0.111005,-0.00143943,0.000904455
0.000463935,0.111005,-0.00132911,0.00105993
0.000468773,0.111005,-0.00120208,0.00120208
0.000472183,0.111005,-0.00105993,0.00132911
0.000474034,0.111005,-0.000904455,0.00143943
0.000473904,0.111005,-0.000737603,0.00153165
0.000471158,0.111005,-0.000561475,0.0016046
0.000465335,0.111005,-0.000378286,0.00165738
0.000457716,0.111005,-0.00019034,0.00168931
0.000457642,0.111005,-2.50255e-17,-0.0017
0.000457716,0.111005,-0.00019034,-0.00168931
0.000465335,0.111005,-0.000378286,-0.00165738
0.000471158,0.111005,-0.000561475,-0.0016046
0.000473904,0.111005,-0.000737603,-0.00153165
0.000474034,0.111005,-0.000904455,-0.00143943
0.000472183,0.111005,-0.00105993,-0.00132911
0.000468773,0.111005,-0.00120208,-0.00120208
0.000463935,0.111005,-0.00132911,-0.00105993
0.000457506,0.111005,-0.00143943,-0.000904455
0.000449038,0.111005,-0.00153165,-0.000737603
0.00043789,0.111005,-0.0016046,-0.000561475
0.000423638,0.111005,-0.00165738,-0.000378286
0.000407714,0.111005,-0.00168931,-0.00019034
0.000548102,0.111005,0.00168931,-0.00019034
0.000561991,0.111005,0.00165738,-0.000378286
0.00057241,0.111005,0.0016046,-0.000561475
0.000577895,0.111005,0.00153165,-0.000737603
0.000578935,0.111005,0.00143943,-0.000904455
0.000576272,0.111005,0.00132911,-0.00105993
0.000570478,0.111005,0.00120208,-0.00120208
0.000561864,0.111005,0.00105993,-0.00132911
0.000550464,0.111005,0.000904455,-0.00143943
0.000536048,0.111005,0.000737603,-0.00153165
0.000518205,0.111005,0.000561475,-0.0016046
0.000496746,0.111005,0.000378286,-0.00165738
0.000473292,0.111005,0.00019034,-0.00168931
0.000455719,0.111346,-2.43464e-17,0.0017
0.000470958,0.111346,0.00019034,0.00168931
0.000493968,0.111346,0.000378286,0.00165738
0.000514971,0.111346,0.000561475,0.0016046
0.000532359,0.111346,0.000737603,0.00153165
0.000546329,0.111346,0.000904455,0.00143943
0.000557301,0.111346,0.00105993,0.00132911
0.000565512,0.111346,0.00120208,0.00120208
0.000570937,0.111346,0.00132911,0.00105993
0.000573278,0.111346,0.00143943,0.000904455
0.000571974,0.111346,0.00153165,0.000737603
0.000566294,0.111346,0.0016046,0.000561475
0.000555757,0.111346,0.00165738,0.000378286
0.000541825,0.111346,0.00168931,0.00019034
0.000534405,0.111346,0.0017,-3.77476e-19
0.000400793,0.111346,-0.0017,3.77476e-19
0.000408766,0.111346,-0.00168931,0.00019034
0.000424628,0.111346,-0.00165738,0.000378286
0.000438789,0.111346,-0.0016046,0.000561475
0.000449821,0.111346,-0.00153165,0.000737603
0.000458146,0.111346,-0.00143943,0.000904455
0.0004644,0.111346,-0.00132911,0.00105993
0.000469031,0.111346,-0.00120208,0.00120208
0.000472203,0.111346,-0.00105993,0.00132911
0.000473786,0.111346,-0.000904455,0.00143943
0.00047336,0.111346,-0.000737603,0.00153165
0.000470294,0.111346,-0.000561475,0.0016046
0.000464132,0.111346,-0.000378286,0.00165738
0.000456163,0.111346,-0.00019034,0.00168931
0.000455719,0.111346,-2.51014e-17,-0.0017
0.000456163,0.111346,-0.00019034,-0.00168931
0.000464132,0.111346,-0.000378286,-0.00165738
0.000470294,0.111346,-0.000561475,-0.0016046
0.00047336,0.111346,-0.000737603,-0.00153165
0.000473786,0.111346,-0.000904455,-0.00143943
0.000472203,0.111346,-0.00105993,-0.00132911
0.000469031,0.111346,-0.00120208,-0.00120208
0.0004644,0.111346,-0.00132911,-0.00105993
0.000458146,0.111346,-0.00143943,-0.000904455
0.000449821,0.111346,-0.00153165,-0.000737603
0.000438789,0.111346,-0.0016046,-0.000561475
0.000424628,0.111346,-0.00165738,-0.000378286
0.000408766,0.111346,-0.00168931,-0.00019034
0.000541825,0.111346,0.00168931,-0.00019034
0.000555757,0.111346,0.00165738,-0.000378286
0.000566294,0.111346,0.0016046,-0.000561475
0.000571974,0.111346,0.00153165,-0.000737603
0.000573278,0.111346,0.00143943,-0.000904455
0.000570937,0.111346,0.00132911,-0.00105993
0.000565512,0.111346,0.00120208,-0.00120208
0.000557301,0.111346,0.00105993,-0.00132911
0.000546329,0.111346,0.000904455,-0.00143943
0.000532359,0.111346,0.000737603,-0.00153165
0.000514971,0.111346,0.000561475,-0.0016046
0.000493967,0.111346,0.000378286,-0.00165738
0.000470958,0.111346,0.00019034,-0.00168931
0.000453887,0.111688,-2.44222e-17,0.0017
0.000468731,0.111688,0.00019034,0.00168931
0.000491312,0.111688,0.000378286,0.00165738
0.000511879,0.111688,0.000561475,0.0016046
0.00052883,0.111688,0.000737603,0.00153165
0.000542374,0.111688,0.000904455,0.00143943
0.000552936,0.111688,0.00105993,0.00132911
0.000560762,0.111688,0.00120208,0.00120208
0.000565838,0.111688,0.00132911,0.00105993
0.000567873,0.111688,0.00143943,0.000904455
0.000566318,0.111688,0.00153165,0.000737603
0.000560452,0.111688,0.0016046,0.000561475
0.000549804,0.111688,0.00165738,0.000378286
0.000535833,0.111688,0.00168931,0.00019034
0.00052841,0.111688,0.0017,-3.77476e-19
0.000401858,0.111688,-0.0017,3.77476e-19
0.000409807,0.111688,-0.00168931,0.00019034
0.000425606,0.111688,-0.00165738,0.000378286
0.000439682,0.111688,-0.0016046,0.000561475
0.000450603,0.111688,-0.00153165,0.000737603
0.000458788,0.111688,-0.00143943,0.000904455
0.000464873,0.111688,-0.00132911,0.00105993
0.000469304,0.111688,-0.00120208,0.00120208
0.000472246,0.111688,-0.00105993,0.00132911
0.000473569,0.111688,-0.000904455,0.00143943
0.000472858,0.111688,-0.000737603,0.00153165
0.000469484,0.111688,-0.000561475,0.0016046
0.000462995,0.111688,-0.000378286,0.00165738
0.000454687,0.111688,-0.00019034,0.00168931
0.000453887,0.111688,-2.51772e-17,-0.0017
0.000454687,0.111688,-0.00019034,-0.00168931
0.000462995,0.111688,-0.000378286,-0.00165738
0.000469484,0.111688,-0.000561475,-0.0016046
0.000472858,0.111688,-0.000737603,-0.00153165
0.000473569,0.111688,-0.000904455,-0.00143943
0.000472246,0.111688,-0.00105993,-0.00132911
0.000469305,0.111688,-0.00120208,-0.00120208
0.000464873,0.111688,-0.00132911,-0.00105993
0.000458788,0.111688,-0.00143943,-0.000904455
0.000450603,0.111688,-0.00153165,-0.000737603
0.000439682,0.111688,-0.0016046,-0.000561475
0.000425606,0.111688,-0.00165738,-0.000378286
0.000409807,0.111688,-0.00168931,-0.00019034
0.000535833,0.111688,0.00168931,-0.00019034
0.000549804,0.111688,0.00165738,-0.000378286
0.000560452,0.111688,0.0016046,-0.000561475
0.000566318,0.111688,0.00153165,-0.000737603
0.000567873,0.111688,0.00143943,-0.000904455
0.000565838,0.111688,0.00132911,-0.00105993
0.000560762,0.111688,0.00120208,-0.00120208
0.000552936,0.111688,0.00105993,-0.00132911
0.000542374,0.111688,0.000904455,-0.00143943
0.00052883,0.111688,0.000737603,-0.00153165
0.000511878,0.111688,0.000561475,-0.0016046
0.000491312,0.111688,0.000378286,-0.00165738
0.000468731,0.111688,0.00019034,-0.00168931
0.000452147,0.112029,-2.4498e-17,0.0017
0.000466611,0.112029,0.00019034,0.00168931
0.00048878,0.112029,0.000378286,0.00165738
0.000508927,0.112029,0.000561475,0.0016046
0.000525461,0.112029,0.000737603,0.00153165
0.000538597,0.112029,0.000904455,0.00143943
0.000548767,0.112029,0.00105993,0.00132911
0.000556227,0.112029,0.00120208,0.00120208
0.00056097,0.112029,0.00132911,0.00105993
0.000562714,0.112029,0.00143943,0.000904455
0.000560921,0.112029,0.00153165,0.000737603
0.000554879,0.112029,0.0016046,0.000561475
0.000544125,0.112029,0.00165738,0.000378286
0.000530117,0.112029,0.00168931,0.00019034
0.00052269,0.112029,0.0017,-3.77476e-19
0.000402909,0.112029,-0.0017,3.77476e-19
0.000410835,0.112029,-0.00168931,0.00019034
0.000426575,0.112029,-0.00165738,0.000378286
0.000440568,0.112029,-0.0016046,0.000561475
0.000451381,0.112029,-0.00153165,0.000737603
0.000459431,0.112029,-0.00143943,0.000904455
0.000465354,0.112029,-0.00132911,0.00105993
0.000469593,0.112029,-0.00120208,0.00120208
0.000472314,0.112029,-0.00105993,0.00132911
0.000473387,0.112029,-0.000904455,0.00143943
0.0004724,0.112029,-0.000737603,0.00153165
0.000468728,0.112029,-0.000561475,0.0016046
0.000461925,0.112029,-0.000378286,0.00165738
0.00045329,0.112029,-0.00019034,0.00168931
0.000452146,0.112029,-2.5253e-17,-0.0017
0.00045329,0.112029,-0.00019034,-0.00168931
0.000461925,0.112029,-0.000378286,-0.00165738
0.000468728,0.112029,-0.000561475,-0.0016046
0.0004724,0.112029,-0.000737603,-0.00153165
0.000473387,0.112029,-0.000904455,-0.00143943
0.000472314,0.112029,-0.00105993,-0.00132911
0.000469593,0.112029,-0.00120208,-0.00120208
0.000465354,0.112029,-0.00132911,-0.00105993
0.000459431,0.112029,-0.00143943,-0.000904455
0.000451381,0.112029,-0.00153165,-0.000737603
0.000440568,0.112029,-0.0016046,-0.000561475
0.000426575,0.112029,-0.00165738,-0.000378286
0.000410835,0.112029,-0.00168931,-0.00019034
0.000530117,0.112029,0.00168931,-0.00019034
0.000544125,0.112029,0.00165738,-0.000378286
0.000554879,0.112029,0.0016046,-0.000561475
0.000560921,0.112029,0.00153165,-0.000737603
0.000562713,0.112029,0.00143943,-0.000904455
0.00056097,0.112029,0.00132911,-0.00105993
0.000556227,0.112029,0.00120208,-0.00120208
0.000548767,0.112029,0.00105993,-0.00132911
0.000538597,0.112029,0.000904455,-0.00143943
0.000525461,0.112029,0.000737603,-0.00153165
0.000508927,0.112029,0.000561475,-0.0016046
0.00048878,0.112029,0.000378286,-0.00165738
0.000466611,0.112029,0.00019034,-0.00168931
0.000450494,0.112371,-2.45738e-17,0.0017
0.000464593,0.112371,0.00019034,0.00168931
0.000486368,0.112371,0.000378286,0.00165738
0.000506112,0.112371,0.000561475,0.0016046
0.000522246,0.112371,0.000737603,0.00153165
0.000534993,0.112371,0.000904455,0.00143943
0.00054479,0.112371,0.00105993,0.00132911
0.0005519,0.112371,0.00120208,0.00120208
0.000556324,0.112371,0.00132911,0.00105993
0.000557792,0.112371,0.00143943,0.000904455
0.000555773,0.112371,0.00153165,0.000737603
0.000549566,0.112371,0.0016046,0.000561475
0.000538711,0.112371,0.00165738,0.000378286
0.000524666,0.112371,0.00168931,0.00019034
0.000517236,0.112371,0.0017,-3.77476e-19
0.000403944,0.112371,-0.0017,3.77476e-19
0.000411848,0.112371,-0.00168931,0.00019034
0.000427532,0.112371,-0.00165738,0.000378286
0.000441443,0.112371,-0.0016046,0.000561475
0.000452152,0.112371,-0.00153165,0.000737603
0.000460073,0.112371,-0.00143943,0.000904455
0.00046584,0.112371,-0.00132911,0.00105993
0.000469896,0.112371,-0.00120208,0.00120208
0.000472404,0.112371,-0.00105993,0.00132911
0.000473237,0.112371,-0.000904455,0.00143943
0.000471984,0.112371,-0.000737603,0.00153165
0.000468026,0.112371,-0.000561475,0.0016046
0.000460919,0.112371,-0.000378286,0.00165738
0.000451968,0.112371,-0.00019034,0.00168931
0.000450493,0.112371,-2.53288e-17,-0.0017
0.000451968,0.112371,-0.00019034,-0.00168931
0.000460919,0.112371,-0.000378286,-0.00165738
0.000468026,0.112371,-0.000561475,-0.0016046
0.000471984,0.112371,-0.000737603,-0.00153165
0.000473237,0.112371,-0.000904455,-0.00143943
0.000472404,0.112371,-0.00105993,-0.00132911
0.000469896,0.112371,-0.00120208,-0.00120208
0.00046584,0.112371,-0.00132911,-0.00105993
0.000460073,0.112371,-0.00143943,-0.000904455
0.000452152,0.112371,-0.00153165,-0.000737603
0.000441443,0.112371,-0.0016046,-0.000561475
0.000427532,0.112371,-0.00165738,-0.000378286
0.000411848,0.112371,-0.00168931,-0.00019034
0.000524666,0.112371,0.00168931,-0.00019034
0.000538711,0.112371,0.00165738,-0.000378286
0.000549566,0.112371,0.0016046,-0.000561475
0.000555773,0.112371,0.00153165,-0.000737603
0.000557792,0.112371,0.00143943,-0.000904455
0.000556324,0.112371,0.00132911,-0.00105993
0.0005519,0.112371,0.00120208,-0.00120208
0.00054479,0.112371,0.00105993,-0.00132911
0.000534993,0.112371,0.000904455,-0.00143943
0.000522246,0.112371,0.000737603,-0.00153165
0.000506112,0.112371,0.000561475,-0.0016046
0.000486368,0.112371,0.000378286,-0.00165738
0.000464593,0.112371,0.00019034,-0.00168931
0.000448925,0.112712,-2.46496e-17,0.0017
0.000462675,0.112712,0.00019034,0.00168931
0.000484071,0.112712,0.000378286,0.00165738
0.00050343,0.112712,0.000561475,0.0016046
0.000519182,0.112712,0.000737603,0.00153165
0.000531555,0.112712,0.000904455,0.00143943
0.000540995,0.112712,0.00105993,0.00132911
0.000547772,0.112712,0.00120208,0.00120208
0.000551894,0.112712,0.00132911,0.00105993
0.000553099,0.112712,0.00143943,0.000904455
0.000550866,0.112712,0.00153165,0.000737603
0.000544501,0.112712,0.0016046,0.000561475
0.000533551,0.112712,0.00165738,0.000378286
0.000519472,0.112712,0.00168931,0.00019034
0.000512039,0.112712,0.0017,-3.77476e-19
0.00040496,0.112712,-0.0017,3.77476e-19
0.000412843,0.112712,-0.00168931,0.00019034
0.000428472,0.112712,-0.00165738,0.000378286
0.000442307,0.112712,-0.0016046,0.000561475
0.000452916,0.112712,-0.00153165,0.000737603
0.000460714,0.112712,-0.00143943,0.000904455
0.000466331,0.112712,-0.00132911,0.00105993
0.00047021,0.112712,-0.00120208,0.00120208
0.000472513,0.112712,-0.00105993,0.00132911
0.000473116,0.112712,-0.000904455,0.00143943
0.000471608,0.112712,-0.000737603,0.00153165
0.000467374,0.112712,-0.000561475,0.0016046
0.000459974,0.112712,-0.000378286,0.00165738
0.000450718,0.112712,-0.00019034,0.00168931
0.000448925,0.112712,-2.54046e-17,-0.0017
0.000450718,0.112712,-0.00019034,-0.00168931
0.000459974,0.112712,-0.000378286,-0.00165738
0.000467374,0.112712,-0.000561475,-0.0016046
0.000471608,0.112712,-0.000737603,-0.00153165
0.000473116,0.112712,-0.000904455,-0.00143943
0.000472513,0.112712,-0.00105993,-0.00132911
0.00047021,0.112712,-0.00120208,-0.00120208
0.000466331,0.112712,-0.00132911,-0.00105993
0.000460714,0.112712,-0.00143943,-0.000904455
0.000452916,0.112712,-0.00153165,-0.000737603
0.000442307,0.112712,-0.0016046,-0.000561475
0.000428472,0.112712,-0.00165738,-0.000378286
0.000412843,0.112712,-0.00168931,-0.00019034
0.000519472,0.112712,0.00168931,-0.00019034
0.000533551,0.112712,0.00165738,-0.000378286
0.000544501,0.112712,0.0016046,-0.000561475
0.000550866,0.112712,0.00153165,-0.000737603
0.000553098,0.112712,0.00143943,-0.000904455
0.000551893,0.112712,0.00132911,-0.00105993
0.000547772,0.112712,0.00120208,-0.00120208
0.000540995,0.112712,0.00105993,-0.00132911
0.000531555,0.112712,0.000904455,-0.00143943
0.000519182,0.112712,0.000737603,-0.00153165
0.00050343,0.112712,0.000561475,-0.0016046
0.000484071,0.112712,0.000378286,-0.00165738
0.000462675,0.112712,0.00019034,-0.00168931
0.000447437,0.113054,-2.47255e-17,0.0017
0.000460851,0.113054,0.00019034,0.00168931
0.000481883,0.113054,0.000378286,0.00165738
0.000500873,0.113054,0.000561475,0.0016046
0.00051626,0.113054,0.000737603,0.00153165
0.000528276,0.113054,0.000904455,0.00143943
0.000537375,0.113054,0.00105993,0.00132911
0.000543834,0.113054,0.00120208,0.00120208
0.000547669,0.113054,0.00132911,0.00105993
0.000548624,0.113054,0.00143943,0.000904455
0.000546187,0.113054,0.00153165,0.000737603
0.000539673,0.113054,0.0016046,0.000561475
0.000528634,0.113054,0.00165738,0.000378286
0.000514523,0.113054,0.00168931,0.00019034
0.000507087,0.113054,0.0017,-3.77476e-19
0.00040595,0.113054,-0.0017,3.77476e-19
0.000413813,0.113054,-0.00168931,0.00019034
0.00042939,0.113054,-0.00165738,0.000378286
0.00044315,0.113054,-0.0016046,0.000561475
0.000453664,0.113054,-0.00153165,0.000737603
0.000461344,0.113054,-0.00143943,0.000904455
0.000466819,0.113054,-0.00132911,0.00105993
0.000470528,0.113054,-0.00120208,0.00120208
0.000472635,0.113054,-0.00105993,0.00132911
0.000473016,0.113054,-0.000904455,0.00143943
0.000471264,0.113054,-0.000737603,0.00153165
0.000466766,0.113054,-0.000561475,0.0016046
0.000459084,0.113054,-0.000378286,0.00165738
0.000449536,0.113054,-0.00019034,0.00168931
0.000447437,0.113054,-2.54804e-17,-0.0017
0.000449536,0.113054,-0.00019034,-0.00168931
0.000459084,0.113054,-0.000378286,-0.00165738
0.000466766,0.113054,-0.000561475,-0.0016046
0.000471264,0.113054,-0.000737603,-0.00153165
0.000473016,0.113054,-0.000904455,-0.00143943
0.000472635,0.113054,-0.00105993,-0.00132911
0.000470528,0.113054,-0.00120208,-0.00120208
0.000466819,0.113054,-0.00132911,-0.00105993
0.000461344,0.113054,-0.00143943,-0.000904455
0.000453664,0.113054,-0.00153165,-0.000737603
0.00044315,0.113054,-0.0016046,-0.000561475
0.00042939,0.113054,-0.00165738,-0.000378286
0.000413813,0.113054,-0.00168931,-0.00019034
0.000514523,0.113054,0.00168931,-0.00019034
0.000528634,0.113054,0.00165738,-0.000378286
0.000539673,0.113054,0.0016046,-0.000561475
0.000546187,0.113054,0.00153165,-0.000737603
0.000548624,0.113054,0.00143943,-0.000904455
0.000547669,0.113054,0.00132911,-0.00105993
0.000543834,0.113054,0.00120208,-0.00120208
0.000537375,0.113054,0.00105993,-0.00132911
0.000528276,0.113054,0.000904455,-0.00143943
0.00051626,0.113054,0.000737603,-0.00153165
0.000500873,0.113054,0.000561475,-0.0016046
0.000481883,0.113054,0.000378286,-0.00165738
0.000460851,0.113054,0.00019034,-0.00168931
0.000446021,0.113395,-2.48013e-17,0.0017
0.000459113,0.113395,0.00019034,0.00168931
0.000479799,0.113395,0.000378286,0.00165738
0.000498436,0.113395,0.000561475,0.0016046
0.000513472,0.113395,0.000737603,0.00153165
0.000525148,0.113395,0.000904455,0.00143943
0.000533923,0.113395,0.00105993,0.00132911
0.00054008,0.113395,0.00120208,0.00120208
0.000543641,0.113395,0.00132911,0.00105993
0.00054436,0.113395,0.00143943,0.000904455
0.00054173,0.113395,0.00153165,0.000737603
0.000535074,0.113395,0.0016046,0.000561475
0.000523951,0.113395,0.00165738,0.000378286
0.000509809,0.113395,0.00168931,0.00019034
0.000502372,0.113395,0.0017,-3.77476e-19
0.000406904,0.113395,-0.0017,3.77476e-19
0.000414747,0.113395,-0.00168931,0.00019034
0.000430275,0.113395,-0.00165738,0.000378286
0.000443964,0.113395,-0.0016046,0.000561475
0.000454387,0.113395,-0.00153165,0.000737603
0.000461955,0.113395,-0.00143943,0.000904455
0.000467294,0.113395,-0.00132911,0.00105993
0.000470841,0.113395,-0.00120208,0.00120208
0.000472761,0.113395,-0.00105993,0.00132911
0.000472931,0.113395,-0.000904455,0.00143943
0.000470944,0.113395,-0.000737603,0.00153165
0.000466192,0.113395,-0.000561475,0.0016046
0.000458242,0.113395,-0.000378286,0.00165738
0.000448413,0.113395,-0.00019034,0.00168931
0.000446021,0.113395,-2.55562e-17,-0.0017
0.000448413,0.113395,-0.00019034,-0.00168931
0.000458242,0.113395,-0.000378286,-0.00165738
0.000466192,0.113395,-0.000561475,-0.0016046
0.000470944,0.113395,-0.000737603,-0.00153165
0.000472931,0.113395,-0.000904455,-0.00143943
0.000472761,0.113395,-0.00105993,-0.00132911
0.000470841,0.113395,-0.00120208,-0.00120208
0.000467294,0.113395,-0.00132911,-0.00105993
0.000461955,0.113395,-0.00143943,-0.000904455
0.000454387,0.113395,-0.00153165,-0.000737603
0.000443964,0.113395,-0.0016046,-0.000561475
0.000430275,0.113395,-0.00165738,-0.000378286
0.000414747,0.113395,-0.00168931,-0.00019034
0.000509809,0.113395,0.00168931,-0.00019034
0.000523951,0.113395,0.00165738,-0.000378286
0.000535074,0.113395,0.0016046,-0.000561475
0.00054173,0.113395,0.00153165,-0.000737603
0.00054436,0.113395,0.00143943,-0.000904455
0.000543641,0.113395,0.00132911,-0.00105993
0.00054008,0.113395,0.00120208,-0.00120208
0.000533923,0.113395,0.00105993,-0.00132911
0.000525148,0.113395,0.000904455,-0.00143943
0.000513472,0.113395,0.000737603,-0.00153165
0.000498436,0.113395,0.000561475,-0.0016046
0.000479799,0.113395,0.000378286,-0.00165738
0.000459113,0.113395,0.00019034,-0.00168931
0.000444672,0.113736,-2.48771e-17,0.0017
0.000457456,0.113736,0.00019034,0.00168931
0.00047781,0.113736,0.000378286,0.00165738
0.000496111,0.113736,0.000561475,0.0016046
0.000510814,0.113736,0.000737603,0.00153165
0.000522167,0.113736,0.000904455,0.00143943
0.000530634,0.113736,0.00105993,0.00132911
0.000536504,0.113736,0.00120208,0.00120208
0.000539806,0.113736,0.00132911,0.00105993
0.000540301,0.113736,0.00143943,0.000904455
0.000537489,0.113736,0.00153165,0.000737603
0.000530699,0.113736,0.0016046,0.000561475
0.000519496,0.113736,0.00165738,0.000378286
0.000505328,0.113736,0.00168931,0.00019034
0.000497889,0.113736,0.0017,-3.77476e-19
0.000407811,0.113736,-0.0017,3.77476e-19
0.000415635,0.113736,-0.00168931,0.00019034
0.000431115,0.113736,-0.00165738,0.000378286
0.000444737,0.113736,-0.0016046,0.000561475
0.000455074,0.113736,-0.00153165,0.000737603
0.000462535,0.113736,-0.00143943,0.000904455
0.000467745,0.113736,-0.00132911,0.00105993
0.000471139,0.113736,-0.00120208,0.00120208
0.000472883,0.113736,-0.00105993,0.00132911
0.000472851,0.113736,-0.000904455,0.00143943
0.000470641,0.113736,-0.000737603,0.00153165
0.000465646,0.113736,-0.000561475,0.0016046
0.000457439,0.113736,-0.000378286,0.00165738
0.000447344,0.113736,-0.00019034,0.00168931
0.000444672,0.113736,-2.5632e-17,-0.0017
0.000447344,0.113736,-0.00019034,-0.00168931
0.000457439,0.113736,-0.000378286,-0.00165738
0.000465646,0.113736,-0.000561475,-0.0016046
0.000470641,0.113736,-0.000737603,-0.00153165
0.000472851,0.113736,-0.000904455,-0.00143943
0.000472883,0.113736,-0.00105993,-0.00132911
0.000471139,0.113736,-0.00120208,-0.00120208
0.000467745,0.113736,-0.00132911,-0.00105993
0.000462535,0.113736,-0.00143943,-0.000904455
0.000455074,0.113736,-0.00153165,-0.000737603
0.000444737,0.113736,-0.0016046,-0.000561475
0.000431115,0.113736,-0.00165738,-0.000378286
0.000415635,0.113736,-0.00168931,-0.00019034
0.000505328,0.113736,0.00168931,-0.00019034
0.000519496,0.113736,0.00165738,-0.000378286
0.000530699,0.113736,0.0016046,-0.000561475
0.000537489,0.113736,0.00153165,-0.000737603
0.000540301,0.113736,0.00143943,-0.000904455
0.000539806,0.113736,0.00132911,-0.00105993
0.000536504,0.113736,0.00120208,-0.00120208
0.000530634,0.113736,0.00105993,-0.00132911
0.000522167,0.113736,0.000904455,-0.00143943
0.000510814,0.113736,0.000737603,-0.00153165
0.000496111,0.113736,0.000561475,-0.0016046
0.00047781,0.113736,0.000378286,-0.00165738
0.000457456,0.113736,0.00019034,-0.00168931
0.000443384,0.114078,-2.49529e-17,0.0017
0.000455877,0.114078,0.00019034,0.00168931
0.000475916,0.114078,0.000378286,0.00165738
0.000493897,0.114078,0.000561475,0.0016046
0.000508284,0.114078,0.000737603,0.00153165
0.00051933,0.114078,0.000904455,0.00143943
0.000527505,0.114078,0.00105993,0.00132911
0.000533103,0.114078,0.00120208,0.00120208
0.000536161,0.114078,0.00132911,0.00105993
0.000536444,0.114078,0.00143943,0.000904455
0.00053346,0.114078,0.00153165,0.000737603
0.000526545,0.114078,0.0016046,0.000561475
0.000515267,0.114078,0.00165738,0.000378286
0.000501074,0.114078,0.00168931,0.00019034
0.000493634,0.114078,0.0017,-3.77476e-19
0.000408659,0.114078,-0.0017,3.77476e-19
0.000416466,0.114078,-0.00168931,0.00019034
0.000431899,0.114078,-0.00165738,0.000378286
0.000445457,0.114078,-0.0016046,0.000561475
0.000455715,0.114078,-0.00153165,0.000737603
0.000463075,0.114078,-0.00143943,0.000904455
0.000468163,0.114078,-0.00132911,0.00105993
0.000471413,0.114078,-0.00120208,0.00120208
0.000472988,0.114078,-0.00105993,0.00132911
0.000472766,0.114078,-0.000904455,0.00143943
0.000470345,0.114078,-0.000737603,0.00153165
0.000465121,0.114078,-0.000561475,0.0016046
0.00045667,0.114078,-0.000378286,0.00165738
0.000446322,0.114078,-0.00019034,0.00168931
0.000443384,0.114078,-2.57078e-17,-0.0017
0.000446322,0.114078,-0.00019034,-0.00168931
0.000456671,0.114078,-0.000378286,-0.00165738
0.000465121,0.114078,-0.000561475,-0.0016046
0.000470345,0.114078,-0.000737603,-0.00153165
0.000472766,0.114078,-0.000904455,-0.00143943
0.000472988,0.114078,-0.00105993,-0.00132911
0.000471413,0.114078,-0.00120208,-0.00120208
0.000468163,0.114078,-0.00132911,-0.00105993
0.000463075,0.114078,-0.00143943,-0.000904455
0.000455715,0.114078,-0.00153165,-0.000737603
0.000445457,0.114078,-0.0016046,-0.000561475
0.000431899,0.114078,-0.00165738,-0.000378286
0.000416466,0.114078,-0.00168931,-0.00019034
0.000501074,0.114078,0.00168931,-0.00019034
0.000515267,0.114078,0.00165738,-0.000378286
0.000526545,0.114078,0.0016046,-0.000561475
0.00053346,0.114078,0.00153165,-0.000737603
0.000536444,0.114078,0.00143943,-0.000904455
0.000536161,0.114078,0.00132911,-0.00105993
0.000533103,0.114078,0.00120208,-0.00120208
0.000527505,0.114078,0.00105993,-0.00132911
0.00051933,0.114078,0.000904455,-0.00143943
0.000508284,0.114078,0.000737603,-0.00153165
0.000493897,0.114078,0.000561475,-0.0016046
0.000475916,0.114078,0.000378286,-0.00165738
0.000455877,0.114078,0.00019034,-0.00168931
0.000442154,0.114419,-2.50287e-17,0.0017
0.000454372,0.114419,0.00019034,0.00168931
0.000474113,0.114419,0.000378286,0.00165738
0.000491791,0.114419,0.000561475,0.0016046
0.000505879,0.114419,0.000737603,0.00153165
0.000516634,0.114419,0.000904455,0.00143943
0.000524533,0.114419,0.00105993,0.00132911
0.000529876,0.114419,0.00120208,0.00120208
0.000532703,0.114419,0.00132911,0.00105993
0.000532787,0.114419,0.00143943,0.000904455
0.000529643,0.114419,0.00153165,0.000737603
0.00052261,0.114419,0.0016046,0.000561475
0.000511263,0.114419,0.00165738,0.000378286
0.000497047,0.114419,0.00168931,0.00019034
0.000489607,0.114419,0.0017,-3.77476e-19
0.00040944,0.114419,-0.0017,3.77476e-19
0.000417229,0.114419,-0.00168931,0.00019034
0.000432619,0.114419,-0.00165738,0.000378286
0.000446118,0.114419,-0.0016046,0.000561475
0.000456299,0.114419,-0.00153165,0.000737603
0.000463566,0.114419,-0.00143943,0.000904455
0.000468539,0.114419,-0.00132911,0.00105993
0.000471654,0.114419,-0.00120208,0.00120208
0.000473071,0.114419,-0.00105993,0.00132911
0.00047267,0.114419,-0.000904455,0.00143943
0.00047005,0.114419,-0.000737603,0.00153165
0.000464611,0.114419,-0.000561475,0.0016046
0.00045593,0.114419,-0.000378286,0.00165738
0.000445341,0.114419,-0.00019034,0.00168931
0.000442154,0.114419,-2.57837e-17,-0.0017
0.000445341,0.114419,-0.00019034,-0.00168931
0.00045593,0.114419,-0.000378286,-0.00165738
0.000464611,0.114419,-0.000561475,-0.0016046
0.00047005,0.114419,-0.000737603,-0.00153165
0.00047267,0.114419,-0.000904455,-0.00143943
0.000473071,0.114419,-0.00105993,-0.00132911
0.000471654,0.114419,-0.00120208,-0.00120208
0.000468539,0.114419,-0.00132911,-0.00105993
0.000463566,0.114419,-0.00143943,-0.000904455
0.000456299,0.114419,-0.00153165,-0.000737603
0.000446118,0.114419,-0.0016046,-0.000561475
0.000432619,0.114419,-0.00165738,-0.000378286
0.000417229,0.114419,-0.00168931,-0.00019034
0.000497047,0.114419,0.00168931,-0.00019034
0.000511263,0.114419,0.00165738,-0.000378286
0.00052261,0.114419,0.0016046,-0.000561475
0.000529643,0.114419,0.00153165,-0.000737603
0.000532787,0.114419,0.00143943,-0.000904455
0.000532703,0.114419,0.00132911,-0.00105993
0.000529876,0.114419,0.00120208,-0.00120208
0.000524533,0.114419,0.00105993,-0.00132911
0.000516634,0.114419,0.000904455,-0.00143943
0.000505879,0.114419,0.000737603,-0.00153165
0.000491791,0.114419,0.000561475,-0.0016046
0.000474113,0.114419,0.000378286,-0.00165738
0.000454372,0.114419,0.00019034,-0.00168931
0.00044098,0.114761,-2.51045e-17,0.0017
0.000452939,0.114761,0.00019034,0.00168931
0.000472398,0.114761,0.000378286,0.00165738
0.000489791,0.114761,0.000561475,0.0016046
0.000503596,0.114761,0.000737603,0.00153165
0.000514079,0.114761,0.000904455,0.00143943
0.000521719,0.114761,0.00105993,0.00132911
0.000526822,0.114761,0.00120208,0.00120208
0.000529432,0.114761,0.00132911,0.00105993
0.00052933,0.114761,0.00143943,0.000904455
0.000526035,0.114761,0.00153165,0.000737603
0.000518894,0.114761,0.0016046,0.000561475
0.000507482,0.114761,0.00165738,0.000378286
0.000493245,0.114761,0.00168931,0.00019034
0.000485805,0.114761,0.0017,-3.77476e-19
0.000410146,0.114761,-0.0017,3.77476e-19
0.000417919,0.114761,-0.00168931,0.00019034
0.000433268,0.114761,-0.00165738,0.000378286
0.000446711,0.114761,-0.0016046,0.000561475
0.000456821,0.114761,-0.00153165,0.000737603
0.000464001,0.114761,-0.00143943,0.000904455
0.000468869,0.114761,-0.00132911,0.00105993
0.000471858,0.114761,-0.00120208,0.00120208
0.000473129,0.114761,-0.00105993,0.00132911
0.00047256,0.114761,-0.000904455,0.00143943
0.000469755,0.114761,-0.000737603,0.00153165
0.000464112,0.114761,-0.000561475,0.0016046
0.000455216,0.114761,-0.000378286,0.00165738
0.000444403,0.114761,-0.00019034,0.00168931
0.00044098,0.114761,-2.58595e-17,-0.0017
0.000444403,0.114761,-0.00019034,-0.00168931
0.000455216,0.114761,-0.000378286,-0.00165738
0.000464112,0.114761,-0.000561475,-0.0016046
0.000469755,0.114761,-0.000737603,-0.00153165
0.00047256,0.114761,-0.000904455,-0.00143943
0.000473129,0.114761,-0.00105993,-0.00132911
0.000471858,0.114761,-0.00120208,-0.00120208
0.000468869,0.114761,-0.00132911,-0.00105993
0.000464001,0.114761,-0.00143943,-0.000904455
0.000456821,0.114761,-0.00153165,-0.000737603
0.000446711,0.114761,-0.0016046,-0.000561475
0.000433268,0.114761,-0.00165738,-0.000378286
0.000417919,0.114761,-0.00168931,-0.00019034
0.000493245,0.114761,0.00168931,-0.00019034
0.000507482,0.114761,0.00165738,-0.000378286
0.000518894,0.114761,0.0016046,-0.000561475
0.000526035,0.114761,0.00153165,-0.000737603
0.00052933,0.114761,0.00143943,-0.000904455
0.000529432,0.114761,0.00132911,-0.00105993
0.000526822,0.114761,0.00120208,-0.00120208
0.000521719,0.114761,0.00105993,-0.00132911
0.000514079,0.114761,0.000904455,-0.00143943
0.000503596,0.114761,0.000737603,-0.00153165
0.000489791,0.114761,0.000561475,-0.0016046
0.000472398,0.114761,0.000378286,-0.00165738
0.000452939,0.114761,0.00019034,-0.00168931
0.000439862,0.115102,-2.51803e-17,0.0017
0.000451577,0.115102,0.00019034,0.00168931
0.000470771,0.115102,0.000378286,0.00165738
0.000487896,0.115102,0.000561475,0.0016046
0.000501437,0.115102,0.000737603,0.00153165
0.000511663,0.115102,0.000904455,0.00143943
0.000519061,0.115102,0.00105993,0.00132911
0.000523938,0.115102,0.00120208,0.00120208
0.000526347,0.115102,0.00132911,0.00105993
0.000526071,0.115102,0.00143943,0.000904455
0.000522635,0.115102,0.00153165,0.000737603
0.000515391,0.115102,0.0016046,0.000561475
0.00050392,0.115102,0.00165738,0.000378286
0.000489664,0.115102,0.00168931,0.00019034
0.000482224,0.115102,0.0017,-3.77476e-19
0.000410776,0.115102,-0.0017,3.77476e-19
0.000418534,0.115102,-0.00168931,0.00019034
0.000433845,0.115102,-0.00165738,0.000378286
0.000447235,0.115102,-0.0016046,0.000561475
0.00045728,0.115102,-0.00153165,0.000737603
0.000464379,0.115102,-0.00143943,0.000904455
0.00046915,0.115102,-0.00132911,0.00105993
0.000472022,0.115102,-0.00120208,0.00120208
0.000473158,0.115102,-0.00105993,0.00132911
0.000472435,0.115102,-0.000904455,0.00143943
0.000469456,0.115102,-0.000737603,0.00153165
0.000463625,0.115102,-0.000561475,0.0016046
0.000454528,0.115102,-0.000378286,0.00165738
0.000443504,0.115102,-0.00019034,0.00168931
0.000439862,0.115102,-2.59353e-17,-0.0017
0.000443504,0.115102,-0.00019034,-0.00168931
0.000454528,0.115102,-0.000378286,-0.00165738
0.000463625,0.115102,-0.000561475,-0.0016046
0.000469456,0.115102,-0.000737603,-0.00153165
0.000472435,0.115102,-0.000904455,-0.00143943
0.000473158,0.115102,-0.00105993,-0.00132911
0.000472022,0.115102,-0.00120208,-0.00120208
0.00046915,0.115102,-0.00132911,-0.00105993
0.000464379,0.115102,-0.00143943,-0.000904455
0.00045728,0.115102,-0.00153165,-0.000737603
0.000447235,0.115102,-0.0016046,-0.000561475
0.000433845,0.115102,-0.00165738,-0.000378286
0.000418534,0.115102,-0.00168931,-0.00019034
0.000489664,0.115102,0.00168931,-0.00019034
0.00050392,0.115102,0.00165738,-0.000378286
0.000515391,0.115102,0.0016046,-0.000561475
0.000522635,0.115102,0.00153165,-0.000737603
0.000526071,0.115102,0.00143943,-0.000904455
0.000526347,0.115102,0.00132911,-0.00105993
0.000523938,0.115102,0.00120208,-0.00120208
0.000519061,0.115102,0.00105993,-0.00132911
0.000511663,0.115102,0.000904455,-0.00143943
0.000501437,0.115102,0.000737603,-0.00153165
0.000487896,0.115102,0.000561475,-0.0016046
0.000470771,0.115102,0.000378286,-0.00165738
0.000451577,0.115102,0.00019034,-0.00168931
0.000438797,0.115444,-2.52561e-17,0.0017
0.000450285,0.115444,0.00019034,0.00168931
0.000469231,0.115444,0.000378286,0.00165738
0.000486105,0.115444,0.000561475,0.0016046
0.000499398,0.115444,0.000737603,0.00153165
0.000509385,0.115444,0.000904455,0.00143943
0.000516556,0.115444,0.00105993,0.00132911
0.000521223,0.115444,0.00120208,0.00120208
0.000523442,0.115444,0.00132911,0.00105993
0.000523004,0.115444,0.00143943,0.000904455
0.000519436,0.115444,0.00153165,0.000737603
0.000512098,0.115444,0.0016046,0.000561475
0.000500573,0.115444,0.00165738,0.000378286
0.000486301,0.115444,0.00168931,0.00019034
0.00047886,0.115444,0.0017,-3.77476e-19
0.00041133,0.115444,-0.0017,3.77476e-19
0.000419073,0.115444,-0.00168931,0.00019034
0.000434349,0.115444,-0.00165738,0.000378286
0.000447692,0.115444,-0.0016046,0.000561475
0.000457677,0.115444,-0.00153165,0.000737603
0.000464702,0.115444,-0.00143943,0.000904455
0.000469383,0.115444,-0.00132911,0.00105993
0.000472149,0.115444,-0.00120208,0.00120208
0.00047316,0.115444,-0.00105993,0.00132911
0.000472294,0.115444,-0.000904455,0.00143943
0.000469154,0.115444,-0.000737603,0.00153165
0.000463149,0.115444,-0.000561475,0.0016046
0.000453865,0.115444,-0.000378286,0.00165738
0.000442645,0.115444,-0.00019034,0.00168931
0.000438797,0.115444,-2.60111e-17,-0.0017
0.000442645,0.115444,-0.00019034,-0.00168931
0.000453865,0.115444,-0.000378286,-0.00165738
0.000463149,0.115444,-0.000561475,-0.0016046
0.000469154,0.115444,-0.000737603,-0.00153165
0.000472294,0.115444,-0.000904455,-0.00143943
0.00047316,0.115444,-0.00105993,-0.00132911
0.000472149,0.115444,-0.00120208,-0.00120208
0.000469384,0.115444,-0.00132911,-0.00105993
0.000464702,0.115444,-0.00143943,-0.000904455
0.000457677,0.115444,-0.00153165,-0.000737603
0.000447692,0.115444,-0.0016046,-0.000561475
0.000434349,0.115444,-0.00165738,-0.000378286
0.000419073,0.115444,-0.00168931,-0.00019034
0.000486301,0.115444,0.00168931,-0.00019034
0.000500573,0.115444,0.00165738,-0.000378286
0.000512098,0.115444,0.0016046,-0.000561475
0.000519436,0.115444,0.00153165,-0.000737603
0.000523004,0.115444,0.00143943,-0.000904455
0.000523442,0.115444,0.00132911,-0.00105993
0.000521223,0.115444,0.00120208,-0.00120208
0.000516556,0.115444,0.00105993,-0.00132911
0.000509385,0.115444,0.000904455,-0.00143943
0.000499398,0.115444,0.000737603,-0.00153165
0.000486105,0.115444,0.000561475,-0.0016046
0.000469231,0.115444,0.000378286,-0.00165738
0.000450285,0.115444,0.00019034,-0.00168931
0.000437786,0.115785,-2.53319e-17,0.0017
0.000449062,0.115785,0.00019034,0.00168931
0.000467777,0.115785,0.000378286,0.00165738
0.000484416,0.115785,0.000561475,0.0016046
0.000497477,0.115785,0.000737603,0.00153165
0.00050724,0.115785,0.000904455,0.00143943
0.000514198,0.115785,0.00105993,0.00132911
0.000518669,0.115785,0.00120208,0.00120208
0.000520712,0.115785,0.00132911,0.00105993
0.000520122,0.115785,0.00143943,0.000904455
0.000516432,0.115785,0.00153165,0.000737603
0.000509006,0.115785,0.0016046,0.000561475
0.000497431,0.115785,0.00165738,0.000378286
0.000483143,0.115785,0.00168931,0.00019034
0.000475703,0.115785,0.0017,-3.77476e-19
0.000411812,0.115785,-0.0017,3.77476e-19
0.000419541,0.115785,-0.00168931,0.00019034
0.000434784,0.115785,-0.00165738,0.000378286
0.000448083,0.115785,-0.0016046,0.000561475
0.000458013,0.115785,-0.00153165,0.000737603
0.000464972,0.115785,-0.00143943,0.000904455
0.000469572,0.115785,-0.00132911,0.00105993
0.00047224,0.115785,-0.00120208,0.00120208
0.000473136,0.115785,-0.00105993,0.00132911
0.000472139,0.115785,-0.000904455,0.00143943
0.000468852,0.115785,-0.000737603,0.00153165
0.000462684,0.115785,-0.000561475,0.0016046
0.000453226,0.115785,-0.000378286,0.00165738
0.000441825,0.115785,-0.00019034,0.00168931
0.000437786,0.115785,-2.60869e-17,-0.0017
0.000441825,0.115785,-0.00019034,-0.00168931
0.000453226,0.115785,-0.000378286,-0.00165738
0.000462684,0.115785,-0.000561475,-0.0016046
0.000468852,0.115785,-0.000737603,-0.00153165
0.000472139,0.115785,-0.000904455,-0.00143943
0.000473136,0.115785,-0.00105993,-0.00132911
0.00047224,0.115785,-0.00120208,-0.00120208
0.000469571,0.115785,-0.00132911,-0.00105993
0.000464972,0.115785,-0.00143943,-0.000904455
0.000458013,0.115785,-0.00153165,-0.000737603
0.000448083,0.115785,-0.0016046,-0.000561475
0.000434784,0.115785,-0.00165738,-0.000378286
0.000419541,0.115785,-0.00168931,-0.00019034
0.000483143,0.115785,0.00168931,-0.00019034
0.000497431,0.115785,0.00165738,-0.000378286
0.000509006,0.115785,0.0016046,-0.000561475
0.000516432,0.115785,0.00153165,-0.000737603
0.000520122,0.115785,0.00143943,-0.000904455
0.000520712,0.115785,0.00132911,-0.00105993
0.000518669,0.115785,0.00120208,-0.00120208
0.000514198,0.115785,0.00105993,-0.00132911
0.000507239,0.115785,0.000904455,-0.00143943
0.000497477,0.115785,0.000737603,-0.00153165
0.000484416,0.115785,0.000561475,-0.0016046
0.000467776,0.115785,0.000378286,-0.00165738
0.000449061,0.115785,0.00019034,-0.00168931
0.000436826,0.116126,-2.54078e-17,0.0017
0.000447903,0.116126,0.00019034,0.00168931
0.000466402,0.116126,0.000378286,0.00165738
0.000482823,0.116126,0.000561475,0.0016046
0.000495668,0.116126,0.000737603,0.00153165
0.00050522,0.116126,0.000904455,0.00143943
0.00051198,0.116126,0.00105993,0.00132911
0.000516268,0.116126,0.00120208,0.00120208
0.000518147,0.116126,0.00132911,0.00105993
0.000517416,0.116126,0.00143943,0.000904455
0.000513613,0.116126,0.00153165,0.000737603
0.000506104,0.116126,0.0016046,0.000561475
0.000494483,0.116126,0.00165738,0.000378286
0.000480182,0.116126,0.00168931,0.00019034
0.000472743,0.116126,0.0017,-3.77476e-19
0.000412227,0.116126,-0.0017,3.77476e-19
0.000419943,0.116126,-0.00168931,0.00019034
0.000435156,0.116126,-0.00165738,0.000378286
0.000448414,0.116126,-0.0016046,0.000561475
0.000458294,0.116126,-0.00153165,0.000737603
0.000465192,0.116126,-0.00143943,0.000904455
0.000469718,0.116126,-0.00132911,0.00105993
0.000472298,0.116126,-0.00120208,0.00120208
0.000473089,0.116126,-0.00105993,0.00132911
0.000471971,0.116126,-0.000904455,0.00143943
0.000468548,0.116126,-0.000737603,0.00153165
0.000462231,0.116126,-0.000561475,0.0016046
0.000452613,0.116126,-0.000378286,0.00165738
0.000441043,0.116126,-0.00019034,0.00168931
0.000436826,0.116126,-2.61627e-17,-0.0017
0.000441043,0.116126,-0.00019034,-0.00168931
0.000452612,0.116126,-0.000378286,-0.00165738
0.00046223,0.116126,-0.000561475,-0.0016046
0.000468548,0.116126,-0.000737603,-0.00153165
0.000471971,0.116126,-0.000904455,-0.00143943
0.000473089,0.116126,-0.00105993,-0.00132911
0.000472297,0.116126,-0.00120208,-0.00120208
0.000469718,0.116126,-0.00132911,-0.00105993
0.000465192,0.116126,-0.00143943,-0.000904455
0.000458294,0.116126,-0.00153165,-0.000737603
0.000448414,0.116126,-0.0016046,-0.000561475
0.000435156,0.116126,-0.00165738,-0.000378286
0.000419943,0.116126,-0.00168931,-0.00019034
0.000480182,0.116126,0.00168931,-0.00019034
0.000494483,0.116126,0.00165738,-0.000378286
0.000506104,0.116126,0.0016046,-0.000561475
0.000513613,0.116126,0.00153165,-0.000737603
0.000517416,0.116126,0.00143943,-0.000904455
0.000518147,0.116126,0.00132911,-0.00105993
0.000516268,0.116126,0.00120208,-0.00120208
0.00051198,0.116126,0.00105993,-0.00132911
0.00050522,0.116126,0.000904455,-0.00143943
0.000495667,0.116126,0.000737603,-0.00153165
0.000482823,0.116126,0.000561475,-0.0016046
0.000466402,0.116126,0.000378286,-0.00165738
0.000447903,0.116126,0.00019034,-0.00168931
0.000435915,0.116468,-2.54836e-17,0.0017
0.000446807,0.116468,0.00019034,0.00168931
0.000465104,0.116468,0.000378286,0.00165738
0.00048132,0.116468,0.000561475,0.0016046
0.000493963,0.116468,0.000737603,0.00153165
0.00050332,0.116468,0.000904455,0.00143943
0.000509894,0.116468,0.00105993,0.00132911
0.00051401,0.116468,0.00120208,0.00120208
0.000515737,0.116468,0.00132911,0.00105993
0.000514873,0.116468,0.00143943,0.000904455
0.000510964,0.116468,0.00153165,0.000737603
0.00050338,0.116468,0.0016046,0.000561475
0.000491716,0.116468,0.00165738,0.000378286
0.000477403,0.116468,0.00168931,0.00019034
0.000469966,0.116468,0.0017,-3.77476e-19
0.000412579,0.116468,-0.0017,3.77476e-19
0.000420284,0.116468,-0.00168931,0.00019034
0.000435468,0.116468,-0.00165738,0.000378286
0.00044869,0.116468,-0.0016046,0.000561475
0.000458524,0.116468,-0.00153165,0.000737603
0.000465368,0.116468,-0.00143943,0.000904455
0.000469827,0.116468,-0.00132911,0.00105993
0.000472325,0.116468,-0.00120208,0.00120208
0.000473021,0.116468,-0.00105993,0.00132911
0.000471792,0.116468,-0.000904455,0.00143943
0.000468244,0.116468,-0.000737603,0.00153165
0.000461789,0.116468,-0.000561475,0.0016046
0.000452023,0.116468,-0.000378286,0.00165738
0.000440297,0.116468,-0.00019034,0.00168931
0.000435915,0.116468,-2.62385e-17,-0.0017
0.000440297,0.116468,-0.00019034,-0.00168931
0.000452022,0.116468,-0.000378286,-0.00165738
0.000461788,0.116468,-0.000561475,-0.0016046
0.000468244,0.116468,-0.000737603,-0.00153165
0.000471792,0.116468,-0.000904455,-0.00143943
0.000473021,0.116468,-0.00105993,-0.00132911
0.000472325,0.116468,-0.00120208,-0.00120208
0.000469826,0.116468,-0.00132911,-0.00105993
0.000465368,0.116468,-0.00143943,-0.000904455
0.000458524,0.116468,-0.00153165,-0.000737603
0.00044869,0.116468,-0.0016046,-0.000561475
0.000435468,0.116468,-0.00165738,-0.000378286
0.000420284,0.116468,-0.00168931,-0.00019034
0.000477403,0.116468,0.00168931,-0.00019034
0.000491716,0.116468,0.00165738,-0.000378286
0.00050338,0.116468,0.0016046,-0.000561475
0.000510965,0.116468,0.00153165,-0.000737603
0.000514874,0.116468,0.00143943,-0.000904455
0.000515737,0.116468,0.00132911,-0.00105993
0.00051401,0.116468,0.00120208,-0.00120208
0.000509894,0.116468,0.00105993,-0.00132911
0.00050332,0.116468,0.000904455,-0.00143943
0.000493963,0.116468,0.000737603,-0.00153165
0.00048132,0.116468,0.000561475,-0.0016046
0.000465104,0.116468,0.000378286,-0.00165738
0.000446807,0.116468,0.00019034,-0.00168931
0.000435048,0.116809,-2.55594e-17,0.0017
0.000445769,0.116809,0.00019034,0.00168931
0.000463876,0.116809,0.000378286,0.00165738
0.000479901,0.116809,0.000561475,0.0016046
0.000492355,0.116809,0.000737603,0.00153165
0.00050153,0.116809,0.000904455,0.00143943
0.00050793,0.116809,0.00105993,0.00132911
0.000511886,0.116809,0.00120208,0.00120208
0.000513469,0.116809,0.00132911,0.00105993
0.000512483,0.116809,0.00143943,0.000904455
0.000508475,0.116809,0.00153165,0.000737603
0.000500821,0.116809,0.0016046,0.000561475
0.000489117,0.116809,0.00165738,0.000378286
0.000474794,0.116809,0.00168931,0.00019034
0.000467358,0.116809,0.0017,-3.77476e-19
0.000412874,0.116809,-0.0017,3.77476e-19
0.000420569,0.116809,-0.00168931,0.00019034
0.000435726,0.116809,-0.00165738,0.000378286
0.000448914,0.116809,-0.0016046,0.000561475
0.000458708,0.116809,-0.00153165,0.000737603
0.000465502,0.116809,-0.00143943,0.000904455
0.0004699,0.116809,-0.00132911,0.00105993
0.000472325,0.116809,-0.00120208,0.00120208
0.000472933,0.116809,-0.00105993,0.00132911
0.000471603,0.116809,-0.000904455,0.00143943
0.00046794,0.116809,-0.000737603,0.00153165
0.000461356,0.116809,-0.000561475,0.0016046
0.000451453,0.116809,-0.000378286,0.00165738
0.000439582,0.116809,-0.00019034,0.00168931
0.000435048,0.116809,-2.63143e-17,-0.0017
0.000439582,0.116809,-0.00019034,-0.00168931
0.000451453,0.116809,-0.000378286,-0.00165738
0.000461356,0.116809,-0.000561475,-0.0016046
0.000467939,0.116809,-0.000737603,-0.00153165
0.000471602,0.116809,-0.000904455,-0.00143943
0.000472933,0.116809,-0.00105993,-0.00132911
0.000472325,0.116809,-0.00120208,-0.00120208
0.000469899,0.116809,-0.00132911,-0.00105993
0.000465502,0.116809,-0.00143943,-0.000904455
0.000458708,0.116809,-0.00153165,-0.000737603
0.000448914,0.116809,-0.0016046,-0.000561475
0.000435726,0.116809,-0.00165738,-0.000378286
0.000420569,0.116809,-0.00168931,-0.00019034
0.000474794,0.116809,0.00168931,-0.00019034
0.000489117,0.116809,0.00165738,-0.000378286
0.000500821,0.116809,0.0016046,-0.000561475
0.000508476,0.116809,0.00153165,-0.000737603
0.000512483,0.116809,0.00143943,-0.000904455
0.000513469,0.116809,0.00132911,-0.00105993
0.000511886,0.116809,0.00120208,-0.00120208
0.00050793,0.116809,0.00105993,-0.00132911
0.00050153,0.116809,0.000904455,-0.00143943
0.000492355,0.116809,0.000737603,-0.00153165
0.000479901,0.116809,0.000561475,-0.0016046
0.000463876,0.116809,0.000378286,-0.00165738
0.000445769,0.116809,0.00019034,-0.00168931
0.000434221,0.117151,-2.56352e-17,0.0017
0.000444782,0.117151,0.00019034,0.00168931
0.000462714,0.117151,0.000378286,0.00165738
0.000478559,0.117151,0.000561475,0.0016046
0.000490837,0.117151,0.000737603,0.00153165
0.00049984,0.117151,0.000904455,0.00143943
0.000506078,0.117151,0.00105993,0.00132911
0.000509885,0.117151,0.00120208,0.00120208
0.000511334,0.117151,0.00132911,0.00105993
0.000510232,0.117151,0.00143943,0.000904455
0.000506133,0.117151,0.00153165,0.000737603
0.000498414,0.117151,0.0016046,0.000561475
0.000486673,0.117151,0.00165738,0.000378286
0.000472341,0.117151,0.00168931,0.00019034
0.000464907,0.117151,0.0017,-3.77476e-19
0.000413116,0.117151,-0.0017,3.77476e-19
0.000420801,0.117151,-0.00168931,0.00019034
0.000435935,0.117151,-0.00165738,0.000378286
0.000449091,0.117151,-0.0016046,0.000561475
0.000458849,0.117151,-0.00153165,0.000737603
0.000465598,0.117151,-0.00143943,0.000904455
0.000469941,0.117151,-0.00132911,0.00105993
0.000472299,0.117151,-0.00120208,0.00120208
0.000472828,0.117151,-0.00105993,0.00132911
0.000471404,0.117151,-0.000904455,0.00143943
0.000467634,0.117151,-0.000737603,0.00153165
0.000460933,0.117151,-0.000561475,0.0016046
0.000450902,0.117151,-0.000378286,0.00165738
0.000438897,0.117151,-0.00019034,0.00168931
0.000434221,0.117151,-2.63901e-17,-0.0017
0.000438897,0.117151,-0.00019034,-0.00168931
0.000450902,0.117151,-0.000378286,-0.00165738
0.000460933,0.117151,-0.000561475,-0.0016046
0.000467633,0.117151,-0.000737603,-0.00153165
0.000471402,0.117151,-0.000904455,-0.00143943
0.000472826,0.117151,-0.00105993,-0.00132911
0.000472298,0.117151,-0.00120208,-0.00120208
0.00046994,0.117151,-0.00132911,-0.00105993
0.000465597,0.117151,-0.00143943,-0.000904455
0.000458849,0.117151,-0.00153165,-0.000737603
0.000449091,0.117151,-0.0016046,-0.000561475
0.000435935,0.117151,-0.00165738,-0.000378286
0.000420801,0.117151,-0.00168931,-0.00019034
0.000472341,0.117151,0.00168931,-0.00019034
0.000486673,0.117151,0.00165738,-0.000378286
0.000498414,0.117151,0.0016046,-0.000561475
0.000506133,0.117151,0.00153165,-0.000737603
0.000510232,0.117151,0.00143943,-0.000904455
0.000511334,0.117151,0.00132911,-0.00105993
0.000509885,0.117151,0.00120208,-0.00120208
0.000506078,0.117151,0.00105993,-0.00132911
0.00049984,0.117151,0.000904455,-0.00143943
0.000490837,0.117151,0.000737603,-0.00153165
0.000478559,0.117151,0.000561475,-0.0016046
0.000462714,0.117151,0.000378286,-0.00165738
0.000444782,0.117151,0.00019034,-0.00168931
0.000433432,0.117492,-2.5711e-17,0.0017
0.000443844,0.117492,0.00019034,0.00168931
0.00046161,0.117492,0.000378286,0.00165738
0.000477288,0.117492,0.000561475,0.0016046
0.000489399,0.117492,0.000737603,0.00153165
0.000498243,0.117492,0.000904455,0.00143943
0.000504331,0.117492,0.00105993,0.00132911
0.000507998,0.117492,0.00120208,0.00120208
0.00050932,0.117492,0.00132911,0.00105993
0.000508112,0.117492,0.00143943,0.000904455
0.000503927,0.117492,0.00153165,0.000737603
0.000496146,0.117492,0.0016046,0.000561475
0.000484373,0.117492,0.00165738,0.000378286
0.000470034,0.117492,0.00168931,0.00019034
0.000462602,0.117492,0.0017,-3.77476e-19
0.000413311,0.117492,-0.0017,3.77476e-19
0.000420986,0.117492,-0.00168931,0.00019034
0.000436098,0.117492,-0.00165738,0.000378286
0.000449226,0.117492,-0.0016046,0.000561475
0.00045895,0.117492,-0.00153165,0.000737603
0.000465658,0.117492,-0.00143943,0.000904455
0.000469951,0.117492,-0.00132911,0.00105993
0.000472249,0.117492,-0.00120208,0.00120208
0.000472704,0.117492,-0.00105993,0.00132911
0.000471194,0.117492,-0.000904455,0.00143943
0.000467327,0.117492,-0.000737603,0.00153165
0.000460517,0.117492,-0.000561475,0.0016046
0.00045037,0.117492,-0.000378286,0.00165738
0.00043824,0.117492,-0.00019034,0.00168931
0.000433432,0.117492,-2.6466e-17,-0.0017
0.00043824,0.117492,-0.00019034,-0.00168931
0.00045037,0.117492,-0.000378286,-0.00165738
0.000460517,0.117492,-0.000561475,-0.0016046
0.000467327,0.117492,-0.000737603,-0.00153165
0.000471194,0.117492,-0.000904455,-0.00143943
0.000472703,0.117492,-0.00105993,-0.00132911
0.000472247,0.117492,-0.00120208,-0.00120208
0.00046995,0.117492,-0.00132911,-0.00105993
0.000465658,0.117492,-0.00143943,-0.000904455
0.00045895,0.117492,-0.00153165,-0.000737603
0.000449226,0.117492,-0.0016046,-0.000561475
0.000436098,0.117492,-0.00165738,-0.000378286
0.000420986,0.117492,-0.00168931,-0.00019034
0.000470034,0.117492,0.00168931,-0.00019034
0.000484373,0.117492,0.00165738,-0.000378286
0.000496147,0.117492,0.0016046,-0.000561475
0.000503927,0.117492,0.00153165,-0.000737603
0.000508112,0.117492,0.00143943,-0.000904455
0.00050932,0.117492,0.00132911,-0.00105993
0.000507998,0.117492,0.00120208,-0.00120208
0.00050433,0.117492,0.00105993,-0.00132911
0.000498243,0.117492,0.000904455,-0.00143943
0.000489399,0.117492,0.000737603,-0.00153165
0.000477288,0.117492,0.000561475,-0.0016046
0.00046161,0.117492,0.000378286,-0.00165738
0.000443844,0.117492,0.00019034,-0.00168931
0.000432678,0.117833,-2.57868e-17,0.0017
0.000442949,0.117833,0.00019034,0.00168931
0.00046056,0.117833,0.000378286,0.00165738
0.000476082,0.117833,0.000561475,0.0016046
0.000488038,0.117833,0.000737603,0.00153165
0.000496732,0.117833,0.000904455,0.00143943
0.000502678,0.117833,0.00105993,0.00132911
0.000506214,0.117833,0.00120208,0.00120208
0.000507419,0.117833,0.00132911,0.00105993
0.000506111,0.117833,0.00143943,0.000904455
0.000501846,0.117833,0.00153165,0.000737603
0.00049401,0.117833,0.0016046,0.000561475
0.000482205,0.117833,0.00165738,0.000378286
0.00046786,0.117833,0.00168931,0.00019034
0.00046043,0.117833,0.0017,-3.77476e-19
0.000413463,0.117833,-0.0017,3.77476e-19
0.000421129,0.117833,-0.00168931,0.00019034
0.00043622,0.117833,-0.00165738,0.000378286
0.000449323,0.117833,-0.0016046,0.000561475
0.000459017,0.117833,-0.00153165,0.000737603
0.000465687,0.117833,-0.00143943,0.000904455
0.000469934,0.117833,-0.00132911,0.00105993
0.000472176,0.117833,-0.00120208,0.00120208
0.000472565,0.117833,-0.00105993,0.00132911
0.000470976,0.117833,-0.000904455,0.00143943
0.000467019,0.117833,-0.000737603,0.00153165
0.000460109,0.117833,-0.000561475,0.0016046
0.000449853,0.117833,-0.000378286,0.00165738
0.000437608,0.117833,-0.00019034,0.00168931
0.000432677,0.117833,-2.65418e-17,-0.0017
0.000437608,0.117833,-0.00019034,-0.00168931
0.000449853,0.117833,-0.000378286,-0.00165738
0.000460109,0.117833,-0.000561475,-0.0016046
0.000467019,0.117833,-0.000737603,-0.00153165
0.000470976,0.117833,-0.000904455,-0.00143943
0.000472565,0.117833,-0.00105993,-0.00132911
0.000472176,0.117833,-0.00120208,-0.00120208
0.000469934,0.117833,-0.00132911,-0.00105993
0.000465687,0.117833,-0.00143943,-0.000904455
0.000459016,0.117833,-0.00153165,-0.000737603
0.000449323,0.117833,-0.0016046,-0.000561475
0.00043622,0.117833,-0.00165738,-0.000378286
0.000421129,0.117833,-0.00168931,-0.00019034
0.00046786,0.117833,0.00168931,-0.00019034
0.000482206,0.117833,0.00165738,-0.000378286
0.000494011,0.117833,0.0016046,-0.000561475
0.000501847,0.117833,0.00153165,-0.000737603
0.000506111,0.117833,0.00143943,-0.000904455
0.000507419,0.117833,0.00132911,-0.00105993
0.000506214,0.117833,0.00120208,-0.00120208
0.000502678,0.117833,0.00105993,-0.00132911
0.000496732,0.117833,0.000904455,-0.00143943
0.000488038,0.117833,0.000737603,-0.00153165
0.000476082,0.117833,0.000561475,-0.0016046
0.00046056,0.117833,0.000378286,-0.00165738
0.000442949,0.117833,0.00019034,-0.00168931
0.000431956,0.118175,-2.58626e-17,0.0017
0.000442095,0.118175,0.00019034,0.00168931
0.000459562,0.118175,0.000378286,0.00165738
0.000474936,0.118175,0.000561475,0.0016046
0.000486747,0.118175,0.000737603,0.00153165
0.0004953,0.118175,0.000904455,0.00143943
0.000501113,0.118175,0.00105993,0.00132911
0.000504526,0.118175,0.00120208,0.00120208
0.000505622,0.118175,0.00132911,0.00105993
0.000504219,0.118175,0.00143943,0.000904455
0.00049988,0.118175,0.00153165,0.000737603
0.000491992,0.118175,0.0016046,0.000561475
0.000480159,0.118175,0.00165738,0.000378286
0.000465808,0.118175,0.00168931,0.00019034
0.000458381,0.118175,0.0017,-3.77476e-19
0.00041358,0.118175,-0.0017,3.77476e-19
0.000421238,0.118175,-0.00168931,0.00019034
0.00043631,0.118175,-0.00165738,0.000378286
0.000449389,0.118175,-0.0016046,0.000561475
0.000459055,0.118175,-0.00153165,0.000737603
0.000465691,0.118175,-0.00143943,0.000904455
0.000469896,0.118175,-0.00132911,0.00105993
0.000472087,0.118175,-0.00120208,0.00120208
0.000472414,0.118175,-0.00105993,0.00132911
0.000470753,0.118175,-0.000904455,0.00143943
0.000466713,0.118175,-0.000737603,0.00153165
0.00045971,0.118175,-0.000561475,0.0016046
0.000449352,0.118175,-0.000378286,0.00165738
0.000437001,0.118175,-0.00019034,0.00168931
0.000431955,0.118175,-2.66176e-17,-0.0017
0.000437001,0.118175,-0.00019034,-0.00168931
0.000449352,0.118175,-0.000378286,-0.00165738
0.00045971,0.118175,-0.000561475,-0.0016046
0.000466713,0.118175,-0.000737603,-0.00153165
0.000470753,0.118175,-0.000904455,-0.00143943
0.000472414,0.118175,-0.00105993,-0.00132911
0.000472087,0.118175,-0.00120208,-0.00120208
0.000469896,0.118175,-0.00132911,-0.00105993
0.00046569,0.118175,-0.00143943,-0.000904455
0.000459054,0.118175,-0.00153165,-0.000737603
0.000449389,0.118175,-0.0016046,-0.000561475
0.00043631,0.118175,-0.00165738,-0.000378286
0.000421238,0.118175,-0.00168931,-0.00019034
0.000465808,0.118175,0.00168931,-0.00019034
0.000480159,0.118175,0.00165738,-0.000378286
0.000491992,0.118175,0.0016046,-0.000561475
0.000499881,0.118175,0.00153165,-0.000737603
0.00050422,0.118175,0.00143943,-0.000904455
0.000505622,0.118175,0.00132911,-0.00105993
0.000504526,0.118175,0.00120208,-0.00120208
0.000501113,0.118175,0.00105993,-0.00132911
0.0004953,0.118175,0.000904455,-0.00143943
0.000486747,0.118175,0.000737603,-0.00153165
0.000474936,0.118175,0.000561475,-0.0016046
0.000459562,0.118175,0.000378286,-0.00165738
0.000442095,0.118175,0.00019034,-0.00168931
0.000431265,0.118516,-2.59384e-17,0.0017
0.000441281,0.118516,0.00019034,0.00168931
0.000458611,0.118516,0.000378286,0.00165738
0.000473847,0.118516,0.000561475,0.0016046
0.000485521,0.118516,0.000737603,0.00153165
0.000493942,0.118516,0.000904455,0.00143943
0.000499629,0.118516,0.00105993,0.00132911
0.000502926,0.118516,0.00120208,0.00120208
0.00050392,0.118516,0.00132911,0.00105993
0.000502429,0.118516,0.00143943,0.000904455
0.00049802,0.118516,0.00153165,0.000737603
0.000490082,0.118516,0.0016046,0.000561475
0.000478223,0.118516,0.00165738,0.000378286
0.000463867,0.118516,0.00168931,0.00019034
0.000456443,0.118516,0.0017,-3.77476e-19
0.000413671,0.118516,-0.0017,3.77476e-19
0.000421321,0.118516,-0.00168931,0.00019034
0.000436374,0.118516,-0.00165738,0.000378286
0.00044943,0.118516,-0.0016046,0.000561475
0.00045907,0.118516,-0.00153165,0.000737603
0.000465675,0.118516,-0.00143943,0.000904455
0.000469842,0.118516,-0.00132911,0.00105993
0.000471985,0.118516,-0.00120208,0.00120208
0.000472256,0.118516,-0.00105993,0.00132911
0.000470528,0.118516,-0.000904455,0.00143943
0.00046641,0.118516,-0.000737603,0.00153165
0.00045932,0.118516,-0.000561475,0.0016046
0.000448869,0.118516,-0.000378286,0.00165738
0.000436417,0.118516,-0.00019034,0.00168931
0.000431264,0.118516,-2.66934e-17,-0.0017
0.000436417,0.118516,-0.00019034,-0.00168931
0.000448869,0.118516,-0.000378286,-0.00165738
0.00045932,0.118516,-0.000561475,-0.0016046
0.00046641,0.118516,-0.000737603,-0.00153165
0.000470528,0.118516,-0.000904455,-0.00143943
0.000472255,0.118516,-0.00105993,-0.00132911
0.000471985,0.118516,-0.00120208,-0.00120208
0.000469841,0.118516,-0.00132911,-0.00105993
0.000465674,0.118516,-0.00143943,-0.000904455
0.000459069,0.118516,-0.00153165,-0.000737603
0.00044943,0.118516,-0.0016046,-0.000561475
0.000436374,0.118516,-0.00165738,-0.000378286
0.000421321,0.118516,-0.00168931,-0.00019034
0.000463867,0.118516,0.00168931,-0.00019034
0.000478223,0.118516,0.00165738,-0.000378286
0.000490082,0.118516,0.0016046,-0.000561475
0.000498021,0.118516,0.00153165,-0.000737603
0.00050243,0.118516,0.00143943,-0.000904455
0.00050392,0.118516,0.00132911,-0.00105993
0.000502926,0.118516,0.00120208,-0.00120208
0.000499629,0.118516,0.00105993,-0.00132911
0.000493942,0.118516,0.000904455,-0.00143943
0.00048552,0.118516,0.000737603,-0.00153165
0.000473847,0.118516,0.000561475,-0.0016046
0.00045861,0.118516,0.000378286,-0.00165738
0.00044128,0.118516,0.00019034,-0.00168931
0.000430604,0.118858,-2.60142e-17,0.0017
0.000440503,0.118858,0.00019034,0.00168931
0.000457705,0.118858,0.000378286,0.00165738
0.00047281,0.118858,0.000561475,0.0016046
0.000484354,0.118858,0.000737603,0.00153165
0.00049265,0.118858,0.000904455,0.00143943
0.000498218,0.118858,0.00105993,0.00132911
0.000501406,0.118858,0.00120208,0.00120208
0.000502302,0.118858,0.00132911,0.00105993
0.000500729,0.118858,0.00143943,0.000904455
0.000496254,0.118858,0.00153165,0.000737603
0.000488269,0.118858,0.0016046,0.000561475
0.000476385,0.118858,0.00165738,0.000378286
0.000462025,0.118858,0.00168931,0.00019034
0.000454603,0.118858,0.0017,-3.77476e-19
0.000413744,0.118858,-0.0017,3.77476e-19
0.000421386,0.118858,-0.00168931,0.00019034
0.000436421,0.118858,-0.00165738,0.000378286
0.000449456,0.118858,-0.0016046,0.000561475
0.000459071,0.118858,-0.00153165,0.000737603
0.000465647,0.118858,-0.00143943,0.000904455
0.000469777,0.118858,-0.00132911,0.00105993
0.000471877,0.118858,-0.00120208,0.00120208
0.000472095,0.118858,-0.00105993,0.00132911
0.000470304,0.118858,-0.000904455,0.00143943
0.000466114,0.118858,-0.000737603,0.00153165
0.000458943,0.118858,-0.000561475,0.0016046
0.000448403,0.118858,-0.000378286,0.00165738
0.000435858,0.118858,-0.00019034,0.00168931
0.000430604,0.118858,-2.67692e-17,-0.0017
0.000435858,0.118858,-0.00019034,-0.00168931
0.000448403,0.118858,-0.000378286,-0.00165738
0.000458943,0.118858,-0.000561475,-0.0016046
0.000466114,0.118858,-0.000737603,-0.00153165
0.000470303,0.118858,-0.000904455,-0.00143943
0.000472094,0.118858,-0.00105993,-0.00132911
0.000471877,0.118858,-0.00120208,-0.00120208
0.000469777,0.118858,-0.00132911,-0.00105993
0.000465647,0.118858,-0.00143943,-0.000904455
0.000459071,0.118858,-0.00153165,-0.000737603
0.000449456,0.118858,-0.0016046,-0.000561475
0.000436421,0.118858,-0.00165738,-0.000378286
0.000421386,0.118858,-0.00168931,-0.00019034
0.000462025,0.118858,0.00168931,-0.00019034
0.000476385,0.118858,0.00165738,-0.000378286
0.00048827,0.118858,0.0016046,-0.000561475
0.000496255,0.118858,0.00153165,-0.000737603
0.000500729,0.118858,0.00143943,-0.000904455
0.000502302,0.118858,0.00132911,-0.00105993
0.000501406,0.118858,0.00120208,-0.00120208
0.000498218,0.118858,0.00105993,-0.00132911
0.00049265,0.118858,0.000904455,-0.00143943
0.000484354,0.118858,0.000737603,-0.00153165
0.00047281,0.118858,0.000561475,-0.0016046
0.000457704,0.118858,0.000378286,-0.00165738
0.000440502,0.118858,0.00019034,-0.00168931
0.000429972,0.119199,-2.60901e-17,0.0017
0.00043976,0.119199,0.00019034,0.00168931
0.000456839,0.119199,0.000378286,0.00165738
0.000471821,0.119199,0.000561475,0.0016046
0.000483241,0.119199,0.000737603,0.00153165
0.000491417,0.119199,0.000904455,0.00143943
0.000496874,0.119199,0.00105993,0.00132911
0.000499958,0.119199,0.00120208,0.00120208
0.000500761,0.119199,0.00132911,0.00105993
0.000499109,0.119199,0.00143943,0.000904455
0.000494571,0.119199,0.00153165,0.000737603
0.000486542,0.119199,0.0016046,0.000561475
0.000474636,0.119199,0.00165738,0.000378286
0.000460272,0.119199,0.00168931,0.00019034
0.000452851,0.119199,0.0017,-3.77476e-19
0.000413807,0.119199,-0.0017,3.77476e-19
0.000421442,0.119199,-0.00168931,0.00019034
0.000436461,0.119199,-0.00165738,0.000378286
0.000449475,0.119199,-0.0016046,0.000561475
0.000459066,0.119199,-0.00153165,0.000737603
0.000465615,0.119199,-0.00143943,0.000904455
0.000469712,0.119199,-0.00132911,0.00105993
0.000471771,0.119199,-0.00120208,0.00120208
0.000471937,0.119199,-0.00105993,0.00132911
0.000470087,0.119199,-0.000904455,0.00143943
0.000465828,0.119199,-0.000737603,0.00153165
0.00045858,0.119199,-0.000561475,0.0016046
0.000447956,0.119199,-0.000378286,0.00165738
0.000435323,0.119199,-0.00019034,0.00168931
0.000429972,0.119199,-2.6845e-17,-0.0017
0.000435323,0.119199,-0.00019034,-0.00168931
0.000447956,0.119199,-0.000378286,-0.00165738
0.00045858,0.119199,-0.000561475,-0.0016046
0.000465828,0.119199,-0.000737603,-0.00153165
0.000470086,0.119199,-0.000904455,-0.00143943
0.000471937,0.119199,-0.00105993,-0.00132911
0.000471771,0.119199,-0.00120208,-0.00120208
0.000469712,0.119199,-0.00132911,-0.00105993
0.000465615,0.119199,-0.00143943,-0.000904455
0.000459066,0.119199,-0.00153165,-0.000737603
0.000449475,0.119199,-0.0016046,-0.000561475
0.000436461,0.119199,-0.00165738,-0.000378286
0.000421442,0.119199,-0.00168931,-0.00019034
0.000460272,0.119199,0.00168931,-0.00019034
0.000474636,0.119199,0.00165738,-0.000378286
0.000486543,0.119199,0.0016046,-0.000561475
0.000494572,0.119199,0.00153165,-0.000737603
0.000499109,0.119199,0.00143943,-0.000904455
0.000500761,0.119199,0.00132911,-0.00105993
0.000499958,0.119199,0.00120208,-0.00120208
0.000496874,0.119199,0.00105993,-0.00132911
0.000491417,0.119199,0.000904455,-0.00143943
0.000483241,0.119199,0.000737603,-0.00153165
0.000471821,0.119199,0.000561475,-0.0016046
0.000456839,0.119199,0.000378286,-0.00165738
0.00043976,0.119199,0.00019034,-0.00168931
0.000429368,0.119541,-2.61659e-17,0.0017
0.00043905,0.119541,0.00019034,0.00168931
0.000456012,0.119541,0.000378286,0.00165738
0.000470874,0.119541,0.000561475,0.0016046
0.000482177,0.119541,0.000737603,0.00153165
0.000490239,0.119541,0.000904455,0.00143943
0.000495588,0.119541,0.00105993,0.00132911
0.000498574,0.119541,0.00120208,0.00120208
0.000499288,0.119541,0.00132911,0.00105993
0.00049756,0.119541,0.00143943,0.000904455
0.000492963,0.119541,0.00153165,0.000737603
0.000484893,0.119541,0.0016046,0.000561475
0.000472965,0.119541,0.00165738,0.000378286
0.000458596,0.119541,0.00168931,0.00019034
0.000451178,0.119541,0.0017,-3.77476e-19
0.000413869,0.119541,-0.0017,3.77476e-19
0.000421497,0.119541,-0.00168931,0.00019034
0.0004365,0.119541,-0.00165738,0.000378286
0.000449495,0.119541,-0.0016046,0.000561475
0.000459064,0.119541,-0.00153165,0.000737603
0.000465586,0.119541,-0.00143943,0.000904455
0.000469651,0.119541,-0.00132911,0.00105993
0.000471669,0.119541,-0.00120208,0.00120208
0.000471788,0.119541,-0.00105993,0.00132911
0.00046988,0.119541,-0.000904455,0.00143943
0.000465555,0.119541,-0.000737603,0.00153165
0.000458233,0.119541,-0.000561475,0.0016046
0.000447531,0.119541,-0.000378286,0.00165738
0.000434812,0.119541,-0.00019034,0.00168931
0.000429368,0.119541,-2.69208e-17,-0.0017
0.000434812,0.119541,-0.00019034,-0.00168931
0.00044753,0.119541,-0.000378286,-0.00165738
0.000458232,0.119541,-0.000561475,-0.0016046
0.000465555,0.119541,-0.000737603,-0.00153165
0.000469879,0.119541,-0.000904455,-0.00143943
0.000471787,0.119541,-0.00105993,-0.00132911
0.000471669,0.119541,-0.00120208,-0.00120208
0.000469651,0.119541,-0.00132911,-0.00105993
0.000465586,0.119541,-0.00143943,-0.000904455
0.000459064,0.119541,-0.00153165,-0.000737603
0.000449495,0.119541,-0.0016046,-0.000561475
0.000436499,0.119541,-0.00165738,-0.000378286
0.000421497,0.119541,-0.00168931,-0.00019034
0.000458596,0.119541,0.00168931,-0.00019034
0.000472965,0.119541,0.00165738,-0.000378286
0.000484893,0.119541,0.0016046,-0.000561475
0.000492964,0.119541,0.00153165,-0.000737603
0.000497561,0.119541,0.00143943,-0.000904455
0.000499288,0.119541,0.00132911,-0.00105993
0.000498574,0.119541,0.00120208,-0.00120208
0.000495588,0.119541,0.00105993,-0.00132911
0.000490239,0.119541,0.000904455,-0.00143943
0.000482177,0.119541,0.000737603,-0.00153165
0.000470874,0.119541,0.000561475,-0.0016046
0.000456012,0.119541,0.000378286,-0.00165738
0.00043905,0.119541,0.00019034,-0.00168931
0.000428791,0.119882,-2.62417e-17,0.0017
0.000438371,0.119882,0.00019034,0.00168931
0.000455219,0.119882,0.000378286,0.00165738
0.000469966,0.119882,0.000561475,0.0016046
0.000481156,0.119882,0.000737603,0.00153165
0.000489109,0.119882,0.000904455,0.00143943
0.000494356,0.119882,0.00105993,0.00132911
0.000497246,0.119882,0.00120208,0.00120208
0.000497875,0.119882,0.00132911,0.00105993
0.000496075,0.119882,0.00143943,0.000904455
0.00049142,0.119882,0.00153165,0.000737603
0.00048331,0.119882,0.0016046,0.000561475
0.00047136,0.119882,0.00165738,0.000378286
0.000456988,0.119882,0.00168931,0.00019034
0.000449572,0.119882,0.0017,-3.77476e-19
0.000413937,0.119882,-0.0017,3.77476e-19
0.000421558,0.119882,-0.00168931,0.00019034
0.000436546,0.119882,-0.00165738,0.000378286
0.000449523,0.119882,-0.0016046,0.000561475
0.00045907,0.119882,-0.00153165,0.000737603
0.000465566,0.119882,-0.00143943,0.000904455
0.000469598,0.119882,-0.00132911,0.00105993
0.000471577,0.119882,-0.00120208,0.00120208
0.000471648,0.119882,-0.00105993,0.00132911
0.000469686,0.119882,-0.000904455,0.00143943
0.000465297,0.119882,-0.000737603,0.00153165
0.000457904,0.119882,-0.000561475,0.0016046
0.000447124,0.119882,-0.000378286,0.00165738
0.000434323,0.119882,-0.00019034,0.00168931
0.000428791,0.119882,-2.69966e-17,-0.0017
0.000434323,0.119882,-0.00019034,-0.00168931
0.000447124,0.119882,-0.000378286,-0.00165738
0.000457904,0.119882,-0.000561475,-0.0016046
0.000465297,0.119882,-0.000737603,-0.00153165
0.000469686,0.119882,-0.000904455,-0.00143943
0.000471649,0.119882,-0.00105993,-0.00132911
0.000471577,0.119882,-0.00120208,-0.00120208
0.000469598,0.119882,-0.00132911,-0.00105993
0.000465566,0.119882,-0.00143943,-0.000904455
0.000459069,0.119882,-0.00153165,-0.000737603
0.000449522,0.119882,-0.0016046,-0.000561475
0.000436545,0.119882,-0.00165738,-0.000378286
0.000421558,0.119882,-0.00168931,-0.00019034
0.000456988,0.119882,0.00168931,-0.00019034
0.00047136,0.119882,0.00165738,-0.000378286
0.00048331,0.119882,0.0016046,-0.000561475
0.00049142,0.119882,0.00153165,-0.000737603
0.000496076,0.119882,0.00143943,-0.000904455
0.000497876,0.119882,0.00132911,-0.00105993
0.000497246,0.119882,0.00120208,-0.00120208
0.000494356,0.119882,0.00105993,-0.00132911
0.00048911,0.119882,0.000904455,-0.00143943
0.000481157,0.119882,0.000737603,-0.00153165
0.000469966,0.119882,0.000561475,-0.0016046
0.000455219,0.119882,0.000378286,-0.00165738
0.000438371,0.119882,0.00019034,-0.00168931
0.000428239,0.120223,-2.63175e-17,0.0017
0.000437719,0.120223,0.00019034,0.00168931
0.000454457,0.120223,0.000378286,0.00165738
0.000469093,0.120223,0.000561475,0.0016046
0.000480174,0.120223,0.000737603,0.00153165
0.000488022,0.120223,0.000904455,0.00143943
0.000493169,0.120223,0.00105993,0.00132911
0.000495967,0.120223,0.00120208,0.00120208
0.000496515,0.120223,0.00132911,0.00105993
0.000494645,0.120223,0.00143943,0.000904455
0.000489934,0.120223,0.00153165,0.000737603
0.000481785,0.120223,0.0016046,0.000561475
0.000469813,0.120223,0.00165738,0.000378286
0.000455438,0.120223,0.00168931,0.00019034
0.000448024,0.120223,0.0017,-3.77476e-19
0.000414019,0.120223,-0.0017,3.77476e-19
0.000421633,0.120223,-0.00168931,0.00019034
0.000436604,0.120223,-0.00165738,0.000378286
0.000449562,0.120223,-0.0016046,0.000561475
0.000459087,0.120223,-0.00153165,0.000737603
0.000465556,0.120223,-0.00143943,0.000904455
0.000469558,0.120223,-0.00132911,0.00105993
0.000471498,0.120223,-0.00120208,0.00120208
0.000471523,0.120223,-0.00105993,0.00132911
0.000469507,0.120223,-0.000904455,0.00143943
0.000465056,0.120223,-0.000737603,0.00153165
0.000457594,0.120223,-0.000561475,0.0016046
0.000446738,0.120223,-0.000378286,0.00165738
0.000433858,0.120223,-0.00019034,0.00168931
0.000428239,0.120223,-2.70724e-17,-0.0017
0.000433858,0.120223,-0.00019034,-0.00168931
0.000446738,0.120223,-0.000378286,-0.00165738
0.000457593,0.120223,-0.000561475,-0.0016046
0.000465056,0.120223,-0.000737603,-0.00153165
0.000469507,0.120223,-0.000904455,-0.00143943
0.000471523,0.120223,-0.00105993,-0.00132911
0.000471498,0.120223,-0.00120208,-0.00120208
0.000469558,0.120223,-0.00132911,-0.00105993
0.000465556,0.120223,-0.00143943,-0.000904455
0.000459086,0.120223,-0.00153165,-0.000737603
0.000449561,0.120223,-0.0016046,-0.000561475
0.000436604,0.120223,-0.00165738,-0.000378286
0.000421633,0.120223,-0.00168931,-0.00019034
0.000455439,0.120223,0.00168931,-0.00019034
0.000469814,0.120223,0.00165738,-0.000378286
0.000481785,0.120223,0.0016046,-0.000561475
0.000489934,0.120223,0.00153165,-0.000737603
0.000494645,0.120223,0.00143943,-0.000904455
0.000496515,0.120223,0.00132911,-0.00105993
0.000495968,0.120223,0.00120208,-0.00120208
0.000493169,0.120223,0.00105993,-0.00132911
0.000488023,0.120223,0.000904455,-0.00143943
0.000480175,0.120223,0.000737603,-0.00153165
0.000469093,0.120223,0.000561475,-0.0016046
0.000454457,0.120223,0.000378286,-0.00165738
0.000437719,0.120223,0.00019034,-0.00168931
0.000427711,0.120565,-2.63933e-17,0.0017
0.000437093,0.120565,0.00019034,0.00168931
0.000453725,0.120565,0.000378286,0.00165738
0.000468254,0.120565,0.000561475,0.0016046
0.000479228,0.120565,0.000737603,0.00153165
0.000486974,0.120565,0.000904455,0.00143943
0.000492024,0.120565,0.00105993,0.00132911
0.000494733,0.120565,0.00120208,0.00120208
0.000495201,0.120565,0.00132911,0.00105993
0.000493264,0.120565,0.00143943,0.000904455
0.0004885,0.120565,0.00153165,0.000737603
0.000480313,0.120565,0.0016046,0.000561475
0.000468321,0.120565,0.00165738,0.000378286
0.000453941,0.120565,0.00168931,0.00019034
0.000446527,0.120565,0.0017,-3.77476e-19
0.000414113,0.120565,-0.0017,3.77476e-19
0.00042172,0.120565,-0.00168931,0.00019034
0.000436676,0.120565,-0.00165738,0.000378286
0.000449615,0.120565,-0.0016046,0.000561475
0.000459119,0.120565,-0.00153165,0.000737603
0.000465563,0.120565,-0.00143943,0.000904455
0.000469532,0.120565,-0.00132911,0.00105993
0.000471434,0.120565,-0.00120208,0.00120208
0.000471414,0.120565,-0.00105993,0.00132911
0.000469344,0.120565,-0.000904455,0.00143943
0.000464831,0.120565,-0.000737603,0.00153165
0.000457301,0.120565,-0.000561475,0.0016046
0.000446371,0.120565,-0.000378286,0.00165738
0.000433414,0.120565,-0.00019034,0.00168931
0.000427711,0.120565,-2.71483e-17,-0.0017
0.000433414,0.120565,-0.00019034,-0.00168931
0.000446371,0.120565,-0.000378286,-0.00165738
0.000457301,0.120565,-0.000561475,-0.0016046
0.000464831,0.120565,-0.000737603,-0.00153165
0.000469344,0.120565,-0.000904455,-0.00143943
0.000471414,0.120565,-0.00105993,-0.00132911
0.000471434,0.120565,-0.00120208,-0.00120208
0.000469532,0.120565,-0.00132911,-0.00105993
0.000465561,0.120565,-0.00143943,-0.000904455
0.000459117,0.120565,-0.00153165,-0.000737603
0.000449615,0.120565,-0.0016046,-0.000561475
0.000436675,0.120565,-0.00165738,-0.000378286
0.00042172,0.120565,-0.00168931,-0.00019034
0.00045394,0.120565,0.00168931,-0.00019034
0.000468321,0.120565,0.00165738,-0.000378286
0.000480313,0.120565,0.0016046,-0.000561475
0.0004885,0.120565,0.00153165,-0.000737603
0.000493264,0.120565,0.00143943,-0.000904455
0.000495201,0.120565,0.00132911,-0.00105993
0.000494733,0.120565,0.00120208,-0.00120208
0.000492024,0.120565,0.00105993,-0.00132911
0.000486974,0.120565,0.000904455,-0.00143943
0.000479228,0.120565,0.000737603,-0.00153165
0.000468254,0.120565,0.000561475,-0.0016046
0.000453725,0.120565,0.000378286,-0.00165738
0.000437093,0.120565,0.00019034,-0.00168931
0.000427203,0.120906,-2.64691e-17,0.0017
0.00043649,0.120906,0.00019034,0.00168931
0.000453018,0.120906,0.000378286,0.00165738
0.000467442,0.120906,0.000561475,0.0016046
0.000478314,0.120906,0.000737603,0.00153165
0.00048596,0.120906,0.000904455,0.00143943
0.000490916,0.120906,0.00105993,0.00132911
0.000493538,0.120906,0.00120208,0.00120208
0.00049393,0.120906,0.00132911,0.00105993
0.000491927,0.120906,0.00143943,0.000904455
0.000487111,0.120906,0.00153165,0.000737603
0.000478888,0.120906,0.0016046,0.000561475
0.000466876,0.120906,0.00165738,0.000378286
0.00045249,0.120906,0.00168931,0.00019034
0.000445078,0.120906,0.0017,-3.77476e-19
0.000414223,0.120906,-0.0017,3.77476e-19
0.000421823,0.120906,-0.00168931,0.00019034
0.000436764,0.120906,-0.00165738,0.000378286
0.000449684,0.120906,-0.0016046,0.000561475
0.000459166,0.120906,-0.00153165,0.000737603
0.000465584,0.120906,-0.00143943,0.000904455
0.000469522,0.120906,-0.00132911,0.00105993
0.000471386,0.120906,-0.00120208,0.00120208
0.00047132,0.120906,-0.00105993,0.00132911
0.000469196,0.120906,-0.000904455,0.00143943
0.000464623,0.120906,-0.000737603,0.00153165
0.000457025,0.120906,-0.000561475,0.0016046
0.000446023,0.120906,-0.000378286,0.00165738
0.000432989,0.120906,-0.00019034,0.00168931
0.000427203,0.120906,-2.72241e-17,-0.0017
0.000432989,0.120906,-0.00019034,-0.00168931
0.000446023,0.120906,-0.000378286,-0.00165738
0.000457025,0.120906,-0.000561475,-0.0016046
0.000464623,0.120906,-0.000737603,-0.00153165
0.000469196,0.120906,-0.000904455,-0.00143943
0.00047132,0.120906,-0.00105993,-0.00132911
0.000471386,0.120906,-0.00120208,-0.00120208
0.000469522,0.120906,-0.00132911,-0.00105993
0.000465583,0.120906,-0.00143943,-0.000904455
0.000459165,0.120906,-0.00153165,-0.000737603
0.000449684,0.120906,-0.0016046,-0.000561475
0.000436763,0.120906,-0.00165738,-0.000378286
0.000421822,0.120906,-0.00168931,-0.00019034
0.00045249,0.120906,0.00168931,-0.00019034
0.000466876,0.120906,0.00165738,-0.000378286
0.000478888,0.120906,0.0016046,-0.000561475
0.000487111,0.120906,0.00153165,-0.000737603
0.000491927,0.120906,0.00143943,-0.000904455
0.00049393,0.120906,0.00132911,-0.00105993
0.000493538,0.120906,0.00120208,-0.00120208
0.000490916,0.120906,0.00105993,-0.00132911
0.00048596,0.120906,0.000904455,-0.00143943
0.000478314,0.120906,0.000737603,-0.00153165
0.000467442,0.120906,0.000561475,-0.0016046
0.000453018,0.120906,0.000378286,-0.00165738
0.00043649,0.120906,0.00019034,-0.00168931
0.000426715,0.121248,-2.65449e-17,0.0017
0.000435909,0.121248,0.00019034,0.00168931
0.000452337,0.121248,0.000378286,0.00165738
0.000466658,0.121248,0.000561475,0.0016046
0.000477428,0.121248,0.000737603,0.00153165
0.000484978,0.121248,0.000904455,0.00143943
0.000489843,0.121248,0.00105993,0.00132911
0.000492381,0.121248,0.00120208,0.00120208
0.000492698,0.121248,0.00132911,0.00105993
0.000490632,0.121248,0.00143943,0.000904455
0.000485765,0.121248,0.00153165,0.000737603
0.000477506,0.121248,0.0016046,0.000561475
0.000465475,0.121248,0.00165738,0.000378286
0.000451084,0.121248,0.00168931,0.00019034
0.000443674,0.121248,0.0017,-3.77476e-19
0.000414348,0.121248,-0.0017,3.77476e-19
0.000421942,0.121248,-0.00168931,0.00019034
0.000436868,0.121248,-0.00165738,0.000378286
0.000449769,0.121248,-0.0016046,0.000561475
0.000459228,0.121248,-0.00153165,0.000737603
0.000465619,0.121248,-0.00143943,0.000904455
0.000469526,0.121248,-0.00132911,0.00105993
0.000471352,0.121248,-0.00120208,0.00120208
0.00047124,0.121248,-0.00105993,0.00132911
0.000469064,0.121248,-0.000904455,0.00143943
0.000464432,0.121248,-0.000737603,0.00153165
0.000456767,0.121248,-0.000561475,0.0016046
0.000445692,0.121248,-0.000378286,0.00165738
0.000432583,0.121248,-0.00019034,0.00168931
0.000426715,0.121248,-2.72999e-17,-0.0017
0.000432583,0.121248,-0.00019034,-0.00168931
0.000445692,0.121248,-0.000378286,-0.00165738
0.000456767,0.121248,-0.000561475,-0.0016046
0.000464432,0.121248,-0.000737603,-0.00153165
0.000469064,0.121248,-0.000904455,-0.00143943
0.00047124,0.121248,-0.00105993,-0.00132911
0.000471351,0.121248,-0.00120208,-0.00120208
0.000469525,0.121248,-0.00132911,-0.00105993
0.000465619,0.121248,-0.00143943,-0.000904455
0.000459228,0.121248,-0.00153165,-0.000737603
0.000449769,0.121248,-0.0016046,-0.000561475
0.000436868,0.121248,-0.00165738,-0.000378286
0.000421942,0.121248,-0.00168931,-0.00019034
0.000451084,0.121248,0.00168931,-0.00019034
0.000465475,0.121248,0.00165738,-0.000378286
0.000477506,0.121248,0.0016046,-0.000561475
0.000485765,0.121248,0.00153165,-0.000737603
0.000490632,0.121248,0.00143943,-0.000904455
0.000492698,0.121248,0.00132911,-0.00105993
0.000492381,0.121248,0.00120208,-0.00120208
0.000489843,0.121248,0.00105993,-0.00132911
0.000484978,0.121248,0.000904455,-0.00143943
0.000477428,0.121248,0.000737603,-0.00153165
0.000466658,0.121248,0.000561475,-0.0016046
0.000452337,0.121248,0.000378286,-0.00165738
0.000435909,0.121248,0.00019034,-0.00168931
0.000426246,0.121589,-2.66207e-17,0.0017
0.000435348,0.121589,0.00019034,0.00168931
0.000451677,0.121589,0.000378286,0.00165738
0.000465899,0.121589,0.000561475,0.0016046
0.000476571,0.121589,0.000737603,0.00153165
0.000484027,0.121589,0.000904455,0.00143943
0.000488803,0.121589,0.00105993,0.00132911
0.00049126,0.121589,0.00120208,0.00120208
0.000491504,0.121589,0.00132911,0.00105993
0.000489375,0.121589,0.00143943,0.000904455
0.000484459,0.121589,0.00153165,0.000737603
0.000476164,0.121589,0.0016046,0.000561475
0.000464114,0.121589,0.00165738,0.000378286
0.00044972,0.121589,0.00168931,0.00019034
0.00044231,0.121589,0.0017,-3.77476e-19
0.000414489,0.121589,-0.0017,3.77476e-19
0.000422076,0.121589,-0.00168931,0.00019034
0.000436986,0.121589,-0.00165738,0.000378286
0.000449868,0.121589,-0.0016046,0.000561475
0.000459305,0.121589,-0.00153165,0.000737603
0.00046567,0.121589,-0.00143943,0.000904455
0.000469544,0.121589,-0.00132911,0.00105993
0.000471331,0.121589,-0.00120208,0.00120208
0.000471175,0.121589,-0.00105993,0.00132911
0.000468946,0.121589,-0.000904455,0.00143943
0.000464255,0.121589,-0.000737603,0.00153165
0.000456524,0.121589,-0.000561475,0.0016046
0.000445378,0.121589,-0.000378286,0.00165738
0.000432194,0.121589,-0.00019034,0.00168931
0.000426246,0.121589,-2.73757e-17,-0.0017
0.000432194,0.121589,-0.00019034,-0.00168931
0.000445378,0.121589,-0.000378286,-0.00165738
0.000456523,0.121589,-0.000561475,-0.0016046
0.000464254,0.121589,-0.000737603,-0.00153165
0.000468946,0.121589,-0.000904455,-0.00143943
0.000471175,0.121589,-0.00105993,-0.00132911
0.000471331,0.121589,-0.00120208,-0.00120208
0.000469544,0.121589,-0.00132911,-0.00105993
0.000465669,0.121589,-0.00143943,-0.000904455
0.000459305,0.121589,-0.00153165,-0.000737603
0.000449868,0.121589,-0.0016046,-0.000561475
0.000436986,0.121589,-0.00165738,-0.000378286
0.000422076,0.121589,-0.00168931,-0.00019034
0.00044972,0.121589,0.00168931,-0.00019034
0.000464114,0.121589,0.00165738,-0.000378286
0.000476164,0.121589,0.0016046,-0.000561475
0.000484459,0.121589,0.00153165,-0.000737603
0.000489375,0.121589,0.00143943,-0.000904455
0.000491504,0.121589,0.00132911,-0.00105993
0.00049126,0.121589,0.00120208,-0.00120208
0.000488803,0.121589,0.00105993,-0.00132911
0.000484027,0.121589,0.000904455,-0.00143943
0.000476571,0.121589,0.000737603,-0.00153165
0.000465899,0.121589,0.000561475,-0.0016046
0.000451677,0.121589,0.000378286,-0.00165738
0.000435348,0.121589,0.00019034,-0.00168931
0.000425795,0.121931,-2.66965e-17,0.0017
0.000434808,0.121931,0.00019034,0.00168931
0.00045104,0.121931,0.000378286,0.00165738
0.000465164,0.121931,0.000561475,0.0016046
0.000475741,0.121931,0.000737603,0.00153165
0.000483105,0.121931,0.000904455,0.00143943
0.000487794,0.121931,0.00105993,0.00132911
0.000490172,0.121931,0.00120208,0.00120208
0.000490346,0.121931,0.00132911,0.00105993
0.000488156,0.121931,0.00143943,0.000904455
0.000483192,0.121931,0.00153165,0.000737603
0.000474863,0.121931,0.0016046,0.000561475
0.000462794,0.121931,0.00165738,0.000378286
0.000448395,0.121931,0.00168931,0.00019034
0.000440986,0.121931,0.0017,-3.77476e-19
0.000414644,0.121931,-0.0017,3.77476e-19
0.000422225,0.121931,-0.00168931,0.00019034
0.000437118,0.121931,-0.00165738,0.000378286
0.000449981,0.121931,-0.0016046,0.000561475
0.000459395,0.121931,-0.00153165,0.000737603
0.000465733,0.121931,-0.00143943,0.000904455
0.000469576,0.121931,-0.00132911,0.00105993
0.000471324,0.121931,-0.00120208,0.00120208
0.000471123,0.121931,-0.00105993,0.00132911
0.000468841,0.121931,-0.000904455,0.00143943
0.00046409,0.121931,-0.000737603,0.00153165
0.000456295,0.121931,-0.000561475,0.0016046
0.000445081,0.121931,-0.000378286,0.00165738
0.000431823,0.121931,-0.00019034,0.00168931
0.000425795,0.121931,-2.74515e-17,-0.0017
0.000431823,0.121931,-0.00019034,-0.00168931
0.000445081,0.121931,-0.000378286,-0.00165738
0.000456295,0.121931,-0.000561475,-0.0016046
0.00046409,0.121931,-0.000737603,-0.00153165
0.000468841,0.121931,-0.000904455,-0.00143943
0.000471122,0.121931,-0.00105993,-0.00132911
0.000471324,0.121931,-0.00120208,-0.00120208
0.000469575,0.121931,-0.00132911,-0.00105993
0.000465733,0.121931,-0.00143943,-0.000904455
0.000459396,0.121931,-0.00153165,-0.000737603
0.000449981,0.121931,-0.0016046,-0.000561475
0.000437118,0.121931,-0.00165738,-0.000378286
0.000422225,0.121931,-0.00168931,-0.00019034
0.000448395,0.121931,0.00168931,-0.00019034
0.000462793,0.121931,0.00165738,-0.000378286
0.000474863,0.121931,0.0016046,-0.000561475
0.000483192,0.121931,0.00153165,-0.000737603
0.000488156,0.121931,0.00143943,-0.000904455
0.000490346,0.121931,0.00132911,-0.00105993
0.000490173,0.121931,0.00120208,-0.00120208
0.000487795,0.121931,0.00105993,-0.00132911
0.000483105,0.121931,0.000904455,-0.00143943
0.000475741,0.121931,0.000737603,-0.00153165
0.000465164,0.121931,0.000561475,-0.0016046
0.00045104,0.121931,0.000378286,-0.00165738
0.000434808,0.121931,0.00019034,-0.00168931
0.000425362,0.122272,-2.67724e-17,0.0017
0.000434287,0.122272,0.00019034,0.00168931
0.000450425,0.122272,0.000378286,0.00165738
0.000464454,0.122272,0.000561475,0.0016046
0.000474938,0.122272,0.000737603,0.00153165
0.000482212,0.122272,0.000904455,0.00143943
0.000486817,0.122272,0.00105993,0.00132911
0.000489118,0.122272,0.00120208,0.00120208
0.000489222,0.122272,0.00132911,0.00105993
0.000486974,0.122272,0.00143943,0.000904455
0.000481963,0.122272,0.00153165,0.000737603
0.000473601,0.122272,0.0016046,0.000561475
0.000461512,0.122272,0.00165738,0.000378286
0.000447108,0.122272,0.00168931,0.00019034
0.0004397,0.122272,0.0017,-3.77476e-19
0.000414811,0.122272,-0.0017,3.77476e-19
0.000422385,0.122272,-0.00168931,0.00019034
0.000437264,0.122272,-0.00165738,0.000378286
0.000450108,0.122272,-0.0016046,0.000561475
0.000459499,0.122272,-0.00153165,0.000737603
0.000465809,0.122272,-0.00143943,0.000904455
0.00046962,0.122272,-0.00132911,0.00105993
0.00047133,0.122272,-0.00120208,0.00120208
0.000471083,0.122272,-0.00105993,0.00132911
0.000468749,0.122272,-0.000904455,0.00143943
0.00046394,0.122272,-0.000737603,0.00153165
0.00045608,0.122272,-0.000561475,0.0016046
0.000444798,0.122272,-0.000378286,0.00165738
0.000431468,0.122272,-0.00019034,0.00168931
0.000425362,0.122272,-2.75273e-17,-0.0017
0.000431468,0.122272,-0.00019034,-0.00168931
0.000444797,0.122272,-0.000378286,-0.00165738
0.00045608,0.122272,-0.000561475,-0.0016046
0.00046394,0.122272,-0.000737603,-0.00153165
0.000468749,0.122272,-0.000904455,-0.00143943
0.000471082,0.122272,-0.00105993,-0.00132911
0.00047133,0.122272,-0.00120208,-0.00120208
0.000469619,0.122272,-0.00132911,-0.00105993
0.000465809,0.122272,-0.00143943,-0.000904455
0.000459499,0.122272,-0.00153165,-0.000737603
0.000450108,0.122272,-0.0016046,-0.000561475
0.000437264,0.122272,-0.00165738,-0.000378286
0.000422385,0.122272,-0.00168931,-0.00019034
0.000447108,0.122272,0.00168931,-0.00019034
0.000461512,0.122272,0.00165738,-0.000378286
0.000473601,0.122272,0.0016046,-0.000561475
0.000481963,0.122272,0.00153165,-0.000737603
0.000486974,0.122272,0.00143943,-0.000904455
0.000489222,0.122272,0.00132911,-0.00105993
0.000489118,0.122272,0.00120208,-0.00120208
0.000486817,0.122272,0.00105993,-0.00132911
0.000482212,0.122272,0.000904455,-0.00143943
0.000474938,0.122272,0.000737603,-0.00153165
0.000464454,0.122272,0.000561475,-0.0016046
0.000450425,0.122272,0.000378286,-0.00165738
0.000434287,0.122272,0.00019034,-0.00168931
0.000424946,0.122613,-2.68482e-17,0.0017
0.000433785,0.122613,0.00019034,0.00168931
0.000449831,0.122613,0.000378286,0.00165738
0.000463768,0.122613,0.000561475,0.0016046
0.000474161,0.122613,0.000737603,0.00153165
0.000481347,0.122613,0.000904455,0.00143943
0.000485871,0.122613,0.00105993,0.00132911
0.000488096,0.122613,0.00120208,0.00120208
0.000488133,0.122613,0.00132911,0.00105993
0.000485829,0.122613,0.00143943,0.000904455
0.000480772,0.122613,0.00153165,0.000737603
0.000472377,0.122613,0.0016046,0.000561475
0.00046027,0.122613,0.00165738,0.000378286
0.000445861,0.122613,0.00168931,0.00019034
0.000438454,0.122613,0.0017,-3.77476e-19
0.00041499,0.122613,-0.0017,3.77476e-19
0.000422558,0.122613,-0.00168931,0.00019034
0.000437423,0.122613,-0.00165738,0.000378286
0.000450247,0.122613,-0.0016046,0.000561475
0.000459614,0.122613,-0.00153165,0.000737603
0.000465897,0.122613,-0.00143943,0.000904455
0.000469675,0.122613,-0.00132911,0.00105993
0.000471347,0.122613,-0.00120208,0.00120208
0.000471054,0.122613,-0.00105993,0.00132911
0.000468669,0.122613,-0.000904455,0.00143943
0.000463802,0.122613,-0.000737603,0.00153165
0.00045588,0.122613,-0.000561475,0.0016046
0.000444528,0.122613,-0.000378286,0.00165738
0.000431127,0.122613,-0.00019034,0.00168931
0.000424946,0.122613,-2.76031e-17,-0.0017
0.000431127,0.122613,-0.00019034,-0.00168931
0.000444527,0.122613,-0.000378286,-0.00165738
0.000455878,0.122613,-0.000561475,-0.0016046
0.000463802,0.122613,-0.000737603,-0.00153165
0.000468669,0.122613,-0.000904455,-0.00143943
0.000471054,0.122613,-0.00105993,-0.00132911
0.000471346,0.122613,-0.00120208,-0.00120208
0.000469674,0.122613,-0.00132911,-0.00105993
0.000465897,0.122613,-0.00143943,-0.000904455
0.000459613,0.122613,-0.00153165,-0.000737603
0.000450246,0.122613,-0.0016046,-0.000561475
0.000437423,0.122613,-0.00165738,-0.000378286
0.000422558,0.122613,-0.00168931,-0.00019034
0.000445861,0.122613,0.00168931,-0.00019034
0.000460271,0.122613,0.00165738,-0.000378286
0.000472378,0.122613,0.0016046,-0.000561475
0.000480772,0.122613,0.00153165,-0.000737603
0.000485829,0.122613,0.00143943,-0.000904455
0.000488133,0.122613,0.00132911,-0.00105993
0.000488096,0.122613,0.00120208,-0.00120208
0.000485871,0.122613,0.00105993,-0.00132911
0.000481347,0.122613,0.000904455,-0.00143943
0.000474161,0.122613,0.000737603,-0.00153165
0.000463768,0.122613,0.000561475,-0.0016046
0.000449831,0.122613,0.000378286,-0.00165738
0.000433785,0.122613,0.00019034,-0.00168931
0.000424546,0.122955,-2.6924e-17,0.0017
0.000433301,0.122955,0.00019034,0.00168931
0.000449258,0.122955,0.000378286,0.00165738
0.000463105,0.122955,0.000561475,0.0016046
0.000473409,0.122955,0.000737603,0.00153165
0.000480511,0.122955,0.000904455,0.00143943
0.000484955,0.122955,0.00105993,0.00132911
0.000487107,0.122955,0.00120208,0.00120208
0.00048708,0.122955,0.00132911,0.00105993
0.00048472,0.122955,0.00143943,0.000904455
0.000479618,0.122955,0.00153165,0.000737603
0.000471192,0.122955,0.0016046,0.000561475
0.000459068,0.122955,0.00165738,0.000378286
0.000444653,0.122955,0.00168931,0.00019034
0.000437245,0.122955,0.0017,-3.77476e-19
0.000415179,0.122955,-0.0017,3.77476e-19
0.00042274,0.122955,-0.00168931,0.00019034
0.000437589,0.122955,-0.00165738,0.000378286
0.000450394,0.122955,-0.0016046,0.000561475
0.000459738,0.122955,-0.00153165,0.000737603
0.000465994,0.122955,-0.00143943,0.000904455
0.000469739,0.122955,-0.00132911,0.00105993
0.000471373,0.122955,-0.00120208,0.00120208
0.000471035,0.122955,-0.00105993,0.00132911
0.000468599,0.122955,-0.000904455,0.00143943
0.000463676,0.122955,-0.000737603,0.00153165
0.000455692,0.122955,-0.000561475,0.0016046
0.000444273,0.122955,-0.000378286,0.00165738
0.000430803,0.122955,-0.00019034,0.00168931
0.000424546,0.122955,-2.76789e-17,-0.0017
0.000430803,0.122955,-0.00019034,-0.00168931
0.000444272,0.122955,-0.000378286,-0.00165738
0.00045569,0.122955,-0.000561475,-0.0016046
0.000463675,0.122955,-0.000737603,-0.00153165
0.000468599,0.122955,-0.000904455,-0.00143943
0.000471035,0.122955,-0.00105993,-0.00132911
0.000471372,0.122955,-0.00120208,-0.00120208
0.000469738,0.122955,-0.00132911,-0.00105993
0.000465994,0.122955,-0.00143943,-0.000904455
0.000459737,0.122955,-0.00153165,-0.000737603
0.000450393,0.122955,-0.0016046,-0.000561475
0.000437589,0.122955,-0.00165738,-0.000378286
0.00042274,0.122955,-0.00168931,-0.00019034
0.000444653,0.122955,0.00168931,-0.00019034
0.000459068,0.122955,0.00165738,-0.000378286
0.000471192,0.122955,0.0016046,-0.000561475
0.000479618,0.122955,0.00153165,-0.000737603
0.00048472,0.122955,0.00143943,-0.000904455
0.00048708,0.122955,0.00132911,-0.00105993
0.000487107,0.122955,0.00120208,-0.00120208
0.000484955,0.122955,0.00105993,-0.00132911
0.000480512,0.122955,0.000904455,-0.00143943
0.00047341,0.122955,0.000737603,-0.00153165
0.000463105,0.122955,0.000561475,-0.0016046
0.000449258,0.122955,0.000378286,-0.00165738
0.000433301,0.122955,0.00019034,-0.00168931
0.000424162,0.123296,-2.69998e-17,0.0017
0.000432836,0.123296,0.00019034,0.00168931
0.000448706,0.123296,0.000378286,0.00165738
0.000462465,0.123296,0.000561475,0.0016046
0.000472684,0.123296,0.000737603,0.00153165
0.000479705,0.123296,0.000904455,0.00143943
0.000484072,0.123296,0.00105993,0.00132911
0.000486154,0.123296,0.00120208,0.00120208
0.000486063,0.123296,0.00132911,0.00105993
0.000483649,0.123296,0.00143943,0.000904455
0.000478504,0.123296,0.00153165,0.000737603
0.000470047,0.123296,0.0016046,0.000561475
0.000457905,0.123296,0.00165738,0.000378286
0.000443485,0.123296,0.00168931,0.00019034
0.000436077,0.123296,0.0017,-3.77476e-19
0.000415373,0.123296,-0.0017,3.77476e-19
0.000422928,0.123296,-0.00168931,0.00019034
0.000437762,0.123296,-0.00165738,0.000378286
0.000450547,0.123296,-0.0016046,0.000561475
0.000459869,0.123296,-0.00153165,0.000737603
0.000466098,0.123296,-0.00143943,0.000904455
0.000469811,0.123296,-0.00132911,0.00105993
0.000471406,0.123296,-0.00120208,0.00120208
0.000471025,0.123296,-0.00105993,0.00132911
0.000468539,0.123296,-0.000904455,0.00143943
0.00046356,0.123296,-0.000737603,0.00153165
0.000455515,0.123296,-0.000561475,0.0016046
0.000444031,0.123296,-0.000378286,0.00165738
0.000430493,0.123296,-0.00019034,0.00168931
0.000424162,0.123296,-2.77547e-17,-0.0017
0.000430493,0.123296,-0.00019034,-0.00168931
0.000444031,0.123296,-0.000378286,-0.00165738
0.000455515,0.123296,-0.000561475,-0.0016046
0.00046356,0.123296,-0.000737603,-0.00153165
0.000468539,0.123296,-0.000904455,-0.00143943
0.000471025,0.123296,-0.00105993,-0.00132911
0.000471406,0.123296,-0.00120208,-0.00120208
0.000469811,0.123296,-0.00132911,-0.00105993
0.000466098,0.123296,-0.00143943,-0.000904455
0.000459869,0.123296,-0.00153165,-0.000737603
0.000450547,0.123296,-0.0016046,-0.000561475
0.000437762,0.123296,-0.00165738,-0.000378286
0.000422928,0.123296,-0.00168931,-0.00019034
0.000443485,0.123296,0.00168931,-0.00019034
0.000457905,0.123296,0.00165738,-0.000378286
0.000470047,0.123296,0.0016046,-0.000561475
0.000478504,0.123296,0.00153165,-0.000737603
0.000483649,0.123296,0.00143943,-0.000904455
0.000486063,0.123296,0.00132911,-0.00105993
0.000486154,0.123296,0.00120208,-0.00120208
0.000484072,0.123296,0.00105993,-0.00132911
0.000479706,0.123296,0.000904455,-0.00143943
0.000472685,0.123296,0.000737603,-0.00153165
0.000462465,0.123296,0.000561475,-0.0016046
0.000448706,0.123296,0.000378286,-0.00165738
0.000432836,0.123296,0.00019034,-0.00168931
0.000423794,0.123638,-2.70756e-17,0.0017
0.00043239,0.123638,0.00019034,0.00168931
0.000448176,0.123638,0.000378286,0.00165738
0.00046185,0.123638,0.000561475,0.0016046
0.000471987,0.123638,0.000737603,0.00153165
0.000478928,0.123638,0.000904455,0.00143943
0.000483221,0.123638,0.00105993,0.00132911
0.000485234,0.123638,0.00120208,0.00120208
0.000485083,0.123638,0.00132911,0.00105993
0.000482617,0.123638,0.00143943,0.000904455
0.000477432,0.123638,0.00153165,0.000737603
0.000468945,0.123638,0.0016046,0.000561475
0.000456784,0.123638,0.00165738,0.000378286
0.000442359,0.123638,0.00168931,0.00019034
0.000434952,0.123638,0.0017,-3.77476e-19
0.00041557,0.123638,-0.0017,3.77476e-19
0.000423119,0.123638,-0.00168931,0.00019034
0.000437937,0.123638,-0.00165738,0.000378286
0.000450704,0.123638,-0.0016046,0.000561475
0.000460003,0.123638,-0.00153165,0.000737603
0.000466205,0.123638,-0.00143943,0.000904455
0.000469886,0.123638,-0.00132911,0.00105993
0.000471445,0.123638,-0.00120208,0.00120208
0.000471021,0.123638,-0.00105993,0.00132911
0.000468487,0.123638,-0.000904455,0.00143943
0.000463453,0.123638,-0.000737603,0.00153165
0.000455348,0.123638,-0.000561475,0.0016046
0.0004438,0.123638,-0.000378286,0.00165738
0.000430195,0.123638,-0.00019034,0.00168931
0.000423794,0.123638,-2.78306e-17,-0.0017
0.000430195,0.123638,-0.00019034,-0.00168931
0.0004438,0.123638,-0.000378286,-0.00165738
0.000455348,0.123638,-0.000561475,-0.0016046
0.000463453,0.123638,-0.000737603,-0.00153165
0.000468487,0.123638,-0.000904455,-0.00143943
0.000471021,0.123638,-0.00105993,-0.00132911
0.000471445,0.123638,-0.00120208,-0.00120208
0.000469886,0.123638,-0.00132911,-0.00105993
0.000466205,0.123638,-0.00143943,-0.000904455
0.000460003,0.123638,-0.00153165,-0.000737603
0.000450704,0.123638,-0.0016046,-0.000561475
0.000437937,0.123638,-0.00165738,-0.000378286
0.000423119,0.123638,-0.00168931,-0.00019034
0.000442359,0.123638,0.00168931,-0.00019034
0.000456784,0.123638,0.00165738,-0.000378286
0.000468945,0.123638,0.0016046,-0.000561475
0.000477432,0.123638,0.00153165,-0.000737603
0.000482617,0.123638,0.00143943,-0.000904455
0.000485083,0.123638,0.00132911,-0.00105993
0.000485235,0.123638,0.00120208,-0.00120208
0.000483221,0.123638,0.00105993,-0.00132911
0.000478928,0.123638,0.000904455,-0.00143943
0.000471986,0.123638,0.000737603,-0.00153165
0.00046185,0.123638,0.000561475,-0.0016046
0.000448176,0.123638,0.000378286,-0.00165738
0.00043239,0.123638,0.00019034,-0.00168931
0.000423443,0.123979,-2.71514e-17,0.0017
0.000431962,0.123979,0.00019034,0.00168931
0.000447666,0.123979,0.000378286,0.00165738
0.000461259,0.123979,0.000561475,0.0016046
0.000471316,0.123979,0.000737603,0.00153165
0.000478181,0.123979,0.000904455,0.00143943
0.000482402,0.123979,0.00105993,0.00132911
0.00048435,0.123979,0.00120208,0.00120208
0.00048414,0.123979,0.00132911,0.00105993
0.000481625,0.123979,0.00143943,0.000904455
0.0004764,0.123979,0.00153165,0.000737603
0.000467884,0.123979,0.0016046,0.000561475
0.000455708,0.123979,0.00165738,0.000378286
0.000441276,0.123979,0.00168931,0.00019034
0.000433868,0.123979,0.0017,-3.77476e-19
0.000415765,0.123979,-0.0017,3.77476e-19
0.000423308,0.123979,-0.00168931,0.00019034
0.000438112,0.123979,-0.00165738,0.000378286
0.00045086,0.123979,-0.0016046,0.000561475
0.000460138,0.123979,-0.00153165,0.000737603
0.000466313,0.123979,-0.00143943,0.000904455
0.000469963,0.123979,-0.00132911,0.00105993
0.000471486,0.123979,-0.00120208,0.00120208
0.000471021,0.123979,-0.00105993,0.00132911
0.000468439,0.123979,-0.000904455,0.00143943
0.000463352,0.123979,-0.000737603,0.00153165
0.000455189,0.123979,-0.000561475,0.0016046
0.00044358,0.123979,-0.000378286,0.00165738
0.000429912,0.123979,-0.00019034,0.00168931
0.000423443,0.123979,-2.79064e-17,-0.0017
0.000429912,0.123979,-0.00019034,-0.00168931
0.00044358,0.123979,-0.000378286,-0.00165738
0.000455189,0.123979,-0.000561475,-0.0016046
0.000463352,0.123979,-0.000737603,-0.00153165
0.000468439,0.123979,-0.000904455,-0.00143943
0.000471021,0.123979,-0.00105993,-0.00132911
0.000471486,0.123979,-0.00120208,-0.00120208
0.000469963,0.123979,-0.00132911,-0.00105993
0.000466313,0.123979,-0.00143943,-0.000904455
0.000460138,0.123979,-0.00153165,-0.000737603
0.00045086,0.123979,-0.0016046,-0.000561475
0.000438112,0.123979,-0.00165738,-0.000378286
0.000423308,0.123979,-0.00168931,-0.00019034
0.000441276,0.123979,0.00168931,-0.00019034
0.000455708,0.123979,0.00165738,-0.000378286
0.000467884,0.123979,0.0016046,-0.000561475
0.0004764,0.123979,0.00153165,-0.000737603
0.000481625,0.123979,0.00143943,-0.000904455
0.000484141,0.123979,0.00132911,-0.00105993
0.00048435,0.123979,0.00120208,-0.00120208
0.000482402,0.123979,0.00105993,-0.00132911
0.000478181,0.123979,0.000904455,-0.00143943
0.000471316,0.123979,0.000737603,-0.00153165
0.000461259,0.123979,0.000561475,-0.0016046
0.000447666,0.123979,0.000378286,-0.00165738
0.000431962,0.123979,0.00019034,-0.00168931
0.000423105,0.12432,-2.72272e-17,0.0017
0.000431551,0.12432,0.00019034,0.00168931
0.000447176,0.12432,0.000378286,0.00165738
0.000460691,0.12432,0.000561475,0.0016046
0.000470673,0.12432,0.000737603,0.00153165
0.000477464,0.12432,0.000904455,0.00143943
0.000481618,0.12432,0.00105993,0.00132911
0.000483503,0.12432,0.00120208,0.00120208
0.000483238,0.12432,0.00132911,0.00105993
0.000480675,0.12432,0.00143943,0.000904455
0.000475412,0.12432,0.00153165,0.000737603
0.000466869,0.12432,0.0016046,0.000561475
0.000454677,0.12432,0.00165738,0.000378286
0.000440241,0.12432,0.00168931,0.00019034
0.000432832,0.12432,0.0017,-3.77476e-19
0.000415953,0.12432,-0.0017,3.77476e-19
0.000423491,0.12432,-0.00168931,0.00019034
0.000438281,0.12432,-0.00165738,0.000378286
0.000451011,0.12432,-0.0016046,0.000561475
0.000460267,0.12432,-0.00153165,0.000737603
0.000466418,0.12432,-0.00143943,0.000904455
0.000470038,0.12432,-0.00132911,0.00105993
0.000471525,0.12432,-0.00120208,0.00120208
0.000471021,0.12432,-0.00105993,0.00132911
0.000468394,0.12432,-0.000904455,0.00143943
0.000463256,0.12432,-0.000737603,0.00153165
0.000455038,0.12432,-0.000561475,0.0016046
0.000443371,0.12432,-0.000378286,0.00165738
0.00042964,0.12432,-0.00019034,0.00168931
0.000423105,0.12432,-2.79822e-17,-0.0017
0.000429641,0.12432,-0.00019034,-0.00168931
0.000443371,0.12432,-0.000378286,-0.00165738
0.000455038,0.12432,-0.000561475,-0.0016046
0.000463256,0.12432,-0.000737603,-0.00153165
0.000468394,0.12432,-0.000904455,-0.00143943
0.000471021,0.12432,-0.00105993,-0.00132911
0.000471525,0.12432,-0.00120208,-0.00120208
0.000470037,0.12432,-0.00132911,-0.00105993
0.000466417,0.12432,-0.00143943,-0.000904455
0.000460267,0.12432,-0.00153165,-0.000737603
0.000451011,0.12432,-0.0016046,-0.000561475
0.000438281,0.12432,-0.00165738,-0.000378286
0.000423491,0.12432,-0.00168931,-0.00019034
0.000440241,0.12432,0.00168931,-0.00019034
0.000454677,0.12432,0.00165738,-0.000378286
0.000466869,0.12432,0.0016046,-0.000561475
0.000475412,0.12432,0.00153165,-0.000737603
0.000480675,0.12432,0.00143943,-0.000904455
0.000483238,0.12432,0.00132911,-0.00105993
0.000483503,0.12432,0.00120208,-0.00120208
0.000481617,0.12432,0.00105993,-0.00132911
0.000477464,0.12432,0.000904455,-0.00143943
0.000470673,0.12432,0.000737603,-0.00153165
0.000460692,0.12432,0.000561475,-0.0016046
0.000447177,0.12432,0.000378286,-0.00165738
0.000431551,0.12432,0.00019034,-0.00168931
0.00042278,0.124662,-2.7303e-17,0.0017
0.000431157,0.124662,0.00019034,0.00168931
0.000446709,0.124662,0.000378286,0.00165738
0.000460149,0.124662,0.000561475,0.0016046
0.000470058,0.124662,0.000737603,0.00153165
0.00047678,0.124662,0.000904455,0.00143943
0.000480868,0.124662,0.00105993,0.00132911
0.000482695,0.124662,0.00120208,0.00120208
0.000482377,0.124662,0.00132911,0.00105993
0.000479769,0.124662,0.00143943,0.000904455
0.00047447,0.124662,0.00153165,0.000737603
0.0004659,0.124662,0.0016046,0.000561475
0.000453693,0.124662,0.00165738,0.000378286
0.000439252,0.124662,0.00168931,0.00019034
0.000431844,0.124662,0.0017,-3.77476e-19
0.000416131,0.124662,-0.0017,3.77476e-19
0.000423663,0.124662,-0.00168931,0.00019034
0.00043844,0.124662,-0.00165738,0.000378286
0.000451154,0.124662,-0.0016046,0.000561475
0.000460389,0.124662,-0.00153165,0.000737603
0.000466515,0.124662,-0.00143943,0.000904455
0.000470108,0.124662,-0.00132911,0.00105993
0.000471562,0.124662,-0.00120208,0.00120208
0.000471018,0.124662,-0.00105993,0.00132911
0.000468347,0.124662,-0.000904455,0.00143943
0.000463161,0.124662,-0.000737603,0.00153165
0.00045489,0.124662,-0.000561475,0.0016046
0.000443167,0.124662,-0.000378286,0.00165738
0.000429377,0.124662,-0.00019034,0.00168931
0.00042278,0.124662,-2.8058e-17,-0.0017
0.000429378,0.124662,-0.00019034,-0.00168931
0.000443167,0.124662,-0.000378286,-0.00165738
0.00045489,0.124662,-0.000561475,-0.0016046
0.000463161,0.124662,-0.000737603,-0.00153165
0.000468347,0.124662,-0.000904455,-0.00143943
0.000471018,0.124662,-0.00105993,-0.00132911
0.000471562,0.124662,-0.00120208,-0.00120208
0.000470107,0.124662,-0.00132911,-0.00105993
0.000466514,0.124662,-0.00143943,-0.000904455
0.000460388,0.124662,-0.00153165,-0.000737603
0.000451152,0.124662,-0.0016046,-0.000561475
0.00043844,0.124662,-0.00165738,-0.000378286
0.000423663,0.124662,-0.00168931,-0.00019034
0.000439252,0.124662,0.00168931,-0.00019034
0.000453693,0.124662,0.00165738,-0.000378286
0.000465901,0.124662,0.0016046,-0.000561475
0.00047447,0.124662,0.00153165,-0.000737603
0.000479769,0.124662,0.00143943,-0.000904455
0.000482377,0.124662,0.00132911,-0.00105993
0.000482695,0.124662,0.00120208,-0.00120208
0.000480868,0.124662,0.00105993,-0.00132911
0.00047678,0.124662,0.000904455,-0.00143943
0.000470058,0.124662,0.000737603,-0.00153165
0.000460149,0.124662,0.000561475,-0.0016046
0.000446709,0.124662,0.000378286,-0.00165738
0.000431157,0.124662,0.00019034,-0.00168931
0.000422468,0.125003,-2.73788e-17,0.0017
0.00043078,0.125003,0.00019034,0.00168931
0.000446262,0.125003,0.000378286,0.00165738
0.000459631,0.125003,0.000561475,0.0016046
0.000469472,0.125003,0.000737603,0.00153165
0.000476129,0.125003,0.000904455,0.00143943
0.000480156,0.125003,0.00105993,0.00132911
0.000481926,0.125003,0.00120208,0.00120208
0.000481558,0.125003,0.00132911,0.00105993
0.000478908,0.125003,0.00143943,0.000904455
0.000473574,0.125003,0.00153165,0.000737603
0.00046498,0.125003,0.0016046,0.000561475
0.000452758,0.125003,0.00165738,0.000378286
0.000438311,0.125003,0.00168931,0.00019034
0.000430903,0.125003,0.0017,-3.77476e-19
0.000416295,0.125003,-0.0017,3.77476e-19
0.000423822,0.125003,-0.00168931,0.00019034
0.000438586,0.125003,-0.00165738,0.000378286
0.000451283,0.125003,-0.0016046,0.000561475
0.000460499,0.125003,-0.00153165,0.000737603
0.000466602,0.125003,-0.00143943,0.000904455
0.000470168,0.125003,-0.00132911,0.00105993
0.000471591,0.125003,-0.00120208,0.00120208
0.000471011,0.125003,-0.00105993,0.00132911
0.000468299,0.125003,-0.000904455,0.00143943
0.000463066,0.125003,-0.000737603,0.00153165
0.000454746,0.125003,-0.000561475,0.0016046
0.000442969,0.125003,-0.000378286,0.00165738
0.000429125,0.125003,-0.00019034,0.00168931
0.000422469,0.125003,-2.81338e-17,-0.0017
0.000429125,0.125003,-0.00019034,-0.00168931
0.000442969,0.125003,-0.000378286,-0.00165738
0.000454746,0.125003,-0.000561475,-0.0016046
0.000463067,0.125003,-0.000737603,-0.00153165
0.000468299,0.125003,-0.000904455,-0.00143943
0.000471011,0.125003,-0.00105993,-0.00132911
0.000471591,0.125003,-0.00120208,-0.00120208
0.000470168,0.125003,-0.00132911,-0.00105993
0.000466602,0.125003,-0.00143943,-0.000904455
0.000460498,0.125003,-0.00153165,-0.000737603
0.000451282,0.125003,-0.0016046,-0.000561475
0.000438585,0.125003,-0.00165738,-0.000378286
0.000423822,0.125003,-0.00168931,-0.00019034
0.000438311,0.125003,0.00168931,-0.00019034
0.000452758,0.125003,0.00165738,-0.000378286
0.00046498,0.125003,0.0016046,-0.000561475
0.000473574,0.125003,0.00153165,-0.000737603
0.000478908,0.125003,0.00143943,-0.000904455
0.000481558,0.125003,0.00132911,-0.00105993
0.000481926,0.125003,0.00120208,-0.00120208
0.000480156,0.125003,0.00105993,-0.00132911
0.000476129,0.125003,0.000904455,-0.00143943
0.000469472,0.125003,0.000737603,-0.00153165
0.000459631,0.125003,0.000561475,-0.0016046
0.000446262,0.125003,0.000378286,-0.00165738
0.000430781,0.125003,0.00019034,-0.00168931
0.00042217,0.125345,-2.74547e-17,0.0017
0.000430419,0.125345,0.00019034,0.00168931
0.000445835,0.125345,0.000378286,0.00165738
0.000459138,0.125345,0.000561475,0.0016046
0.000468914,0.125345,0.000737603,0.00153165
0.00047551,0.125345,0.000904455,0.00143943
0.000479479,0.125345,0.00105993,0.00132911
0.000481196,0.125345,0.00120208,0.00120208
0.000480782,0.125345,0.00132911,0.00105993
0.000478091,0.125345,0.00143943,0.000904455
0.000472725,0.125345,0.00153165,0.000737603
0.000464109,0.125345,0.0016046,0.000561475
0.000451873,0.125345,0.00165738,0.000378286
0.000437422,0.125345,0.00168931,0.00019034
0.000430014,0.125345,0.0017,-3.77476e-19
0.000416442,0.125345,-0.0017,3.77476e-19
0.000423964,0.125345,-0.00168931,0.00019034
0.000438716,0.125345,-0.00165738,0.000378286
0.000451397,0.125345,-0.0016046,0.000561475
0.000460594,0.125345,-0.00153165,0.000737603
0.000466676,0.125345,-0.00143943,0.000904455
0.000470216,0.125345,-0.00132911,0.00105993
0.000471609,0.125345,-0.00120208,0.00120208
0.000470996,0.125345,-0.00105993,0.00132911
0.000468246,0.125345,-0.000904455,0.00143943
0.000462971,0.125345,-0.000737603,0.00153165
0.000454604,0.125345,-0.000561475,0.0016046
0.000442777,0.125345,-0.000378286,0.00165738
0.000428882,0.125345,-0.00019034,0.00168931
0.00042217,0.125345,-2.82096e-17,-0.0017
0.000428882,0.125345,-0.00019034,-0.00168931
0.000442777,0.125345,-0.000378286,-0.00165738
0.000454604,0.125345,-0.000561475,-0.0016046
0.000462971,0.125345,-0.000737603,-0.00153165
0.000468246,0.125345,-0.000904455,-0.00143943
0.000470997,0.125345,-0.00105993,-0.00132911
0.00047161,0.125345,-0.00120208,-0.00120208
0.000470216,0.125345,-0.00132911,-0.00105993
0.000466676,0.125345,-0.00143943,-0.000904455
0.000460594,0.125345,-0.00153165,-0.000737603
0.000451397,0.125345,-0.0016046,-0.000561475
0.000438716,0.125345,-0.00165738,-0.000378286
0.000423964,0.125345,-0.00168931,-0.00019034
0.000437422,0.125345,0.00168931,-0.00019034
0.000451873,0.125345,0.00165738,-0.000378286
0.000464109,0.125345,0.0016046,-0.000561475
0.000472726,0.125345,0.00153165,-0.000737603
0.000478092,0.125345,0.00143943,-0.000904455
0.000480782,0.125345,0.00132911,-0.00105993
0.000481197,0.125345,0.00120208,-0.00120208
0.00047948,0.125345,0.00105993,-0.00132911
0.000475511,0.125345,0.000904455,-0.00143943
0.000468914,0.125345,0.000737603,-0.00153165
0.000459138,0.125345,0.000561475,-0.0016046
0.000445835,0.125345,0.000378286,-0.00165738
0.00043042,0.125345,0.00019034,-0.00168931
0.000421884,0.125686,-2.75305e-17,0.0017
0.000430075,0.125686,0.00019034,0.00168931
0.000445428,0.125686,0.000378286,0.00165738
0.00045867,0.125686,0.000561475,0.0016046
0.000468385,0.125686,0.000737603,0.00153165
0.000474924,0.125686,0.000904455,0.00143943
0.000478839,0.125686,0.00105993,0.00132911
0.000480507,0.125686,0.00120208,0.00120208
0.000480049,0.125686,0.00132911,0.00105993
0.000477321,0.125686,0.00143943,0.000904455
0.000471925,0.125686,0.00153165,0.000737603
0.000463287,0.125686,0.0016046,0.000561475
0.000451039,0.125686,0.00165738,0.000378286
0.000436585,0.125686,0.00168931,0.00019034
0.000429177,0.125686,0.0017,-3.77476e-19
0.000416572,0.125686,-0.0017,3.77476e-19
0.000424088,0.125686,-0.00168931,0.00019034
0.000438828,0.125686,-0.00165738,0.000378286
0.000451494,0.125686,-0.0016046,0.000561475
0.000460675,0.125686,-0.00153165,0.000737603
0.000466736,0.125686,-0.00143943,0.000904455
0.000470252,0.125686,-0.00132911,0.00105993
0.000471619,0.125686,-0.00120208,0.00120208
0.000470975,0.125686,-0.00105993,0.00132911
0.000468189,0.125686,-0.000904455,0.00143943
0.000462874,0.125686,-0.000737603,0.00153165
0.000454464,0.125686,-0.000561475,0.0016046
0.000442591,0.125686,-0.000378286,0.00165738
0.000428648,0.125686,-0.00019034,0.00168931
0.000421884,0.125686,-2.82854e-17,-0.0017
0.000428648,0.125686,-0.00019034,-0.00168931
0.000442591,0.125686,-0.000378286,-0.00165738
0.000454464,0.125686,-0.000561475,-0.0016046
0.000462874,0.125686,-0.000737603,-0.00153165
0.000468189,0.125686,-0.000904455,-0.00143943
0.000470975,0.125686,-0.00105993,-0.00132911
0.00047162,0.125686,-0.00120208,-0.00120208
0.000470252,0.125686,-0.00132911,-0.00105993
0.000466736,0.125686,-0.00143943,-0.000904455
0.000460675,0.125686,-0.00153165,-0.000737603
0.000451494,0.125686,-0.0016046,-0.000561475
0.000438828,0.125686,-0.00165738,-0.000378286
0.000424088,0.125686,-0.00168931,-0.00019034
0.000436585,0.125686,0.00168931,-0.00019034
0.000451039,0.125686,0.00165738,-0.000378286
0.000463287,0.125686,0.0016046,-0.000561475
0.000471926,0.125686,0.00153165,-0.000737603
0.000477322,0.125686,0.00143943,-0.000904455
0.000480049,0.125686,0.00132911,-0.00105993
0.000480507,0.125686,0.00120208,-0.00120208
0.000478839,0.125686,0.00105993,-0.00132911
0.000474924,0.125686,0.000904455,-0.00143943
0.000468385,0.125686,0.000737603,-0.00153165
0.00045867,0.125686,0.000561475,-0.0016046
0.000445428,0.125686,0.000378286,-0.00165738
0.000430075,0.125686,0.00019034,-0.00168931
0.00042161,0.126028,-2.76063e-17,0.0017
0.000429747,0.126028,0.00019034,0.00168931
0.000445042,0.126028,0.000378286,0.00165738
0.000458226,0.126028,0.000561475,0.0016046
0.000467886,0.126028,0.000737603,0.00153165
0.000474371,0.126028,0.000904455,0.00143943
0.000478236,0.126028,0.00105993,0.00132911
0.000479858,0.126028,0.00120208,0.00120208
0.000479359,0.126028,0.00132911,0.00105993
0.000476596,0.126028,0.00143943,0.000904455
0.000471173,0.126028,0.00153165,0.000737603
0.000462515,0.126028,0.0016046,0.000561475
0.000450255,0.126028,0.00165738,0.000378286
0.000435797,0.126028,0.00168931,0.00019034
0.000428389,0.126028,0.0017,-3.77476e-19
0.00041668,0.126028,-0.0017,3.77476e-19
0.000424192,0.126028,-0.00168931,0.00019034
0.000438921,0.126028,-0.00165738,0.000378286
0.000451574,0.126028,-0.0016046,0.000561475
0.000460738,0.126028,-0.00153165,0.000737603
0.000466781,0.126028,-0.00143943,0.000904455
0.000470276,0.126028,-0.00132911,0.00105993
0.000471618,0.126028,-0.00120208,0.00120208
0.000470944,0.126028,-0.00105993,0.00132911
0.000468125,0.126028,-0.000904455,0.00143943
0.000462774,0.126028,-0.000737603,0.00153165
0.000454324,0.126028,-0.000561475,0.0016046
0.000442409,0.126028,-0.000378286,0.00165738
0.000428421,0.126028,-0.00019034,0.00168931
0.000421609,0.126028,-2.83612e-17,-0.0017
0.00042842,0.126028,-0.00019034,-0.00168931
0.000442409,0.126028,-0.000378286,-0.00165738
0.000454324,0.126028,-0.000561475,-0.0016046
0.000462774,0.126028,-0.000737603,-0.00153165
0.000468125,0.126028,-0.000904455,-0.00143943
0.000470944,0.126028,-0.00105993,-0.00132911
0.000471618,0.126028,-0.00120208,-0.00120208
0.000470276,0.126028,-0.00132911,-0.00105993
0.000466781,0.126028,-0.00143943,-0.000904455
0.000460738,0.126028,-0.00153165,-0.000737603
0.000451574,0.126028,-0.0016046,-0.000561475
0.000438921,0.126028,-0.00165738,-0.000378286
0.000424192,0.126028,-0.00168931,-0.00019034
0.000435797,0.126028,0.00168931,-0.00019034
0.000450255,0.126028,0.00165738,-0.000378286
0.000462515,0.126028,0.0016046,-0.000561475
0.000471173,0.126028,0.00153165,-0.000737603
0.000476596,0.126028,0.00143943,-0.000904455
0.000479359,0.126028,0.00132911,-0.00105993
0.000479859,0.126028,0.00120208,-0.00120208
0.000478236,0.126028,0.00105993,-0.00132911
0.000474371,0.126028,0.000904455,-0.00143943
0.000467886,0.126028,0.000737603,-0.00153165
0.000458226,0.126028,0.000561475,-0.0016046
0.000445042,0.126028,0.000378286,-0.00165738
0.000429747,0.126028,0.00019034,-0.00168931
0.000421348,0.126369,-2.76821e-17,0.0017
0.000429436,0.126369,0.00019034,0.00168931
0.000444678,0.126369,0.000378286,0.00165738
0.000457807,0.126369,0.000561475,0.0016046
0.000467415,0.126369,0.000737603,0.00153165
0.000473851,0.126369,0.000904455,0.00143943
0.000477669,0.126369,0.00105993,0.00132911
0.000479249,0.126369,0.00120208,0.00120208
0.000478712,0.126369,0.00132911,0.00105993
0.000475917,0.126369,0.00143943,0.000904455
0.000470468,0.126369,0.00153165,0.000737603
0.000461792,0.126369,0.0016046,0.000561475
0.000449521,0.126369,0.00165738,0.000378286
0.000435059,0.126369,0.00168931,0.00019034
0.000427651,0.126369,0.0017,-3.77476e-19
0.000416769,0.126369,-0.0017,3.77476e-19
0.000424275,0.126369,-0.00168931,0.00019034
0.000438994,0.126369,-0.00165738,0.000378286
0.000451634,0.126369,-0.0016046,0.000561475
0.000460784,0.126369,-0.00153165,0.000737603
0.000466811,0.126369,-0.00143943,0.000904455
0.000470286,0.126369,-0.00132911,0.00105993
0.000471604,0.126369,-0.00120208,0.00120208
0.000470903,0.126369,-0.00105993,0.00132911
0.000468055,0.126369,-0.000904455,0.00143943
0.000462671,0.126369,-0.000737603,0.00153165
0.000454185,0.126369,-0.000561475,0.0016046
0.000442231,0.126369,-0.000378286,0.00165738
0.000428202,0.126369,-0.00019034,0.00168931
0.000421346,0.126369,-2.8437e-17,-0.0017
0.000428201,0.126369,-0.00019034,-0.00168931
0.000442231,0.126369,-0.000378286,-0.00165738
0.000454185,0.126369,-0.000561475,-0.0016046
0.000462671,0.126369,-0.000737603,-0.00153165
0.000468055,0.126369,-0.000904455,-0.00143943
0.000470903,0.126369,-0.00105993,-0.00132911
0.000471604,0.126369,-0.00120208,-0.00120208
0.000470286,0.126369,-0.00132911,-0.00105993
0.00046681,0.126369,-0.00143943,-0.000904455
0.000460783,0.126369,-0.00153165,-0.000737603
0.000451634,0.126369,-0.0016046,-0.000561475
0.000438994,0.126369,-0.00165738,-0.000378286
0.000424275,0.126369,-0.00168931,-0.00019034
0.000435059,0.126369,0.00168931,-0.00019034
0.000449521,0.126369,0.00165738,-0.000378286
0.000461792,0.126369,0.0016046,-0.000561475
0.000470468,0.126369,0.00153165,-0.000737603
0.000475917,0.126369,0.00143943,-0.000904455
0.000478713,0.126369,0.00132911,-0.00105993
0.00047925,0.126369,0.00120208,-0.00120208
0.00047767,0.126369,0.00105993,-0.00132911
0.000473851,0.126369,0.000904455,-0.00143943
0.000467415,0.126369,0.000737603,-0.00153165
0.000457807,0.126369,0.000561475,-0.0016046
0.000444678,0.126369,0.000378286,-0.00165738
0.000429436,0.126369,0.00019034,-0.00168931
0.000421096,0.12671,-2.77579e-17,0.0017
0.000429139,0.12671,0.00019034,0.00168931
0.000444332,0.12671,0.000378286,0.00165738
0.000457413,0.12671,0.000561475,0.0016046
0.000466972,0.12671,0.000737603,0.00153165
0.000473362,0.12671,0.000904455,0.00143943
0.000477138,0.12671,0.00105993,0.00132911
0.000478678,0.12671,0.00120208,0.00120208
0.000478107,0.12671,0.00132911,0.00105993
0.000475283,0.12671,0.00143943,0.000904455
0.00046981,0.12671,0.00153165,0.000737603
0.000461116,0.12671,0.0016046,0.000561475
0.000448835,0.12671,0.00165738,0.000378286
0.000434371,0.12671,0.00168931,0.00019034
0.000426963,0.12671,0.0017,-3.77476e-19
0.000416837,0.12671,-0.0017,3.77476e-19
0.00042434,0.12671,-0.00168931,0.00019034
0.000439048,0.12671,-0.00165738,0.000378286
0.000451676,0.12671,-0.0016046,0.000561475
0.000460813,0.12671,-0.00153165,0.000737603
0.000466825,0.12671,-0.00143943,0.000904455
0.000470281,0.12671,-0.00132911,0.00105993
0.00047158,0.12671,-0.00120208,0.00120208
0.000470855,0.12671,-0.00105993,0.00132911
0.00046798,0.12671,-0.000904455,0.00143943
0.000462566,0.12671,-0.000737603,0.00153165
0.000454047,0.12671,-0.000561475,0.0016046
0.000442057,0.12671,-0.000378286,0.00165738
0.000427991,0.12671,-0.00019034,0.00168931
0.000421095,0.12671,-2.85128e-17,-0.0017
0.00042799,0.12671,-0.00019034,-0.00168931
0.000442057,0.12671,-0.000378286,-0.00165738
0.000454045,0.12671,-0.000561475,-0.0016046
0.000462564,0.12671,-0.000737603,-0.00153165
0.000467979,0.12671,-0.000904455,-0.00143943
0.000470855,0.12671,-0.00105993,-0.00132911
0.00047158,0.12671,-0.00120208,-0.00120208
0.000470281,0.12671,-0.00132911,-0.00105993
0.000466823,0.12671,-0.00143943,-0.000904455
0.000460812,0.12671,-0.00153165,-0.000737603
0.000451676,0.12671,-0.0016046,-0.000561475
0.000439047,0.12671,-0.00165738,-0.000378286
0.000424338,0.12671,-0.00168931,-0.00019034
0.000434371,0.12671,0.00168931,-0.00019034
0.000448835,0.12671,0.00165738,-0.000378286
0.000461116,0.12671,0.0016046,-0.000561475
0.00046981,0.12671,0.00153165,-0.000737603
0.000475283,0.12671,0.00143943,-0.000904455
0.000478107,0.12671,0.00132911,-0.00105993
0.000478678,0.12671,0.00120208,-0.00120208
0.000477138,0.12671,0.00105993,-0.00132911
0.000473362,0.12671,0.000904455,-0.00143943
0.000466972,0.12671,0.000737603,-0.00153165
0.000457413,0.12671,0.000561475,-0.0016046
0.000444331,0.12671,0.000378286,-0.00165738
0.000429139,0.12671,0.00019034,-0.00168931
0.000420855,0.127052,-2.78337e-17,0.0017
0.000428857,0.127052,0.00019034,0.00168931
0.000444004,0.127052,0.000378286,0.00165738
0.00045704,0.127052,0.000561475,0.0016046
0.000466556,0.127052,0.000737603,0.00153165
0.000472903,0.127052,0.000904455,0.00143943
0.00047664,0.127052,0.00105993,0.00132911
0.000478144,0.127052,0.00120208,0.00120208
0.000477541,0.127052,0.00132911,0.00105993
0.00047469,0.127052,0.00143943,0.000904455
0.000469196,0.127052,0.00153165,0.000737603
0.000460487,0.127052,0.0016046,0.000561475
0.000448198,0.127052,0.00165738,0.000378286
0.000433732,0.127052,0.00168931,0.00019034
0.000426324,0.127052,0.0017,-3.77476e-19
0.000416885,0.127052,-0.0017,3.77476e-19
0.000424384,0.127052,-0.00168931,0.00019034
0.000439084,0.127052,-0.00165738,0.000378286
0.0004517,0.127052,-0.0016046,0.000561475
0.000460825,0.127052,-0.00153165,0.000737603
0.000466823,0.127052,-0.00143943,0.000904455
0.000470264,0.127052,-0.00132911,0.00105993
0.000471544,0.127052,-0.00120208,0.00120208
0.000470799,0.127052,-0.00105993,0.00132911
0.000467899,0.127052,-0.000904455,0.00143943
0.000462457,0.127052,-0.000737603,0.00153165
0.000453908,0.127052,-0.000561475,0.0016046
0.000441887,0.127052,-0.000378286,0.00165738
0.000427786,0.127052,-0.00019034,0.00168931
0.000420855,0.127052,-2.85887e-17,-0.0017
0.000427786,0.127052,-0.00019034,-0.00168931
0.000441887,0.127052,-0.000378286,-0.00165738
0.000453907,0.127052,-0.000561475,-0.0016046
0.000462456,0.127052,-0.000737603,-0.00153165
0.000467898,0.127052,-0.000904455,-0.00143943
0.000470798,0.127052,-0.00105993,-0.00132911
0.000471544,0.127052,-0.00120208,-0.00120208
0.000470264,0.127052,-0.00132911,-0.00105993
0.000466822,0.127052,-0.00143943,-0.000904455
0.000460824,0.127052,-0.00153165,-0.000737603
0.0004517,0.127052,-0.0016046,-0.000561475
0.000439082,0.127052,-0.00165738,-0.000378286
0.000424382,0.127052,-0.00168931,-0.00019034
0.000433732,0.127052,0.00168931,-0.00019034
0.000448198,0.127052,0.00165738,-0.000378286
0.000460487,0.127052,0.0016046,-0.000561475
0.000469196,0.127052,0.00153165,-0.000737603
0.000474691,0.127052,0.00143943,-0.000904455
0.000477542,0.127052,0.00132911,-0.00105993
0.000478144,0.127052,0.00120208,-0.00120208
0.00047664,0.127052,0.00105993,-0.00132911
0.000472903,0.127052,0.000904455,-0.00143943
0.000466556,0.127052,0.000737603,-0.00153165
0.00045704,0.127052,0.000561475,-0.0016046
0.000444003,0.127052,0.000378286,-0.00165738
0.000428856,0.127052,0.00019034,-0.00168931
0.000420624,0.127393,-2.79095e-17,0.0017
0.000428588,0.127393,0.00019034,0.00168931
0.000443695,0.127393,0.000378286,0.00165738
0.00045669,0.127393,0.000561475,0.0016046
0.000466165,0.127393,0.000737603,0.00153165
0.000472474,0.127393,0.000904455,0.00143943
0.000476175,0.127393,0.00105993,0.00132911
0.000477647,0.127393,0.00120208,0.00120208
0.000477015,0.127393,0.00132911,0.00105993
0.000474139,0.127393,0.00143943,0.000904455
0.000468625,0.127393,0.00153165,0.000737603
0.000459902,0.127393,0.0016046,0.000561475
0.000447606,0.127393,0.00165738,0.000378286
0.000433138,0.127393,0.00168931,0.00019034
0.000425731,0.127393,0.0017,-3.77476e-19
0.000416914,0.127393,-0.0017,3.77476e-19
0.000424409,0.127393,-0.00168931,0.00019034
0.0004391,0.127393,-0.00165738,0.000378286
0.000451707,0.127393,-0.0016046,0.000561475
0.00046082,0.127393,-0.00153165,0.000737603
0.000466806,0.127393,-0.00143943,0.000904455
0.000470234,0.127393,-0.00132911,0.00105993
0.000471497,0.127393,-0.00120208,0.00120208
0.000470733,0.127393,-0.00105993,0.00132911
0.000467811,0.127393,-0.000904455,0.00143943
0.000462345,0.127393,-0.000737603,0.00153165
0.000453769,0.127393,-0.000561475,0.0016046
0.000441719,0.127393,-0.000378286,0.00165738
0.000427589,0.127393,-0.00019034,0.00168931
0.000420624,0.127393,-2.86645e-17,-0.0017
0.000427589,0.127393,-0.00019034,-0.00168931
0.000441719,0.127393,-0.000378286,-0.00165738
0.000453769,0.127393,-0.000561475,-0.0016046
0.000462345,0.127393,-0.000737603,-0.00153165
0.000467811,0.127393,-0.000904455,-0.00143943
0.000470732,0.127393,-0.00105993,-0.00132911
0.000471497,0.127393,-0.00120208,-0.00120208
0.000470234,0.127393,-0.00132911,-0.00105993
0.000466806,0.127393,-0.00143943,-0.000904455
0.00046082,0.127393,-0.00153165,-0.000737603
0.000451707,0.127393,-0.0016046,-0.000561475
0.000439099,0.127393,-0.00165738,-0.000378286
0.000424408,0.127393,-0.00168931,-0.00019034
0.000433138,0.127393,0.00168931,-0.00019034
0.000447606,0.127393,0.00165738,-0.000378286
0.000459902,0.127393,0.0016046,-0.000561475
0.000468625,0.127393,0.00153165,-0.000737603
0.00047414,0.127393,0.00143943,-0.000904455
0.000477015,0.127393,0.00132911,-0.00105993
0.000477647,0.127393,0.00120208,-0.00120208
0.000476175,0.127393,0.00105993,-0.00132911
0.000472474,0.127393,0.000904455,-0.00143943
0.000466165,0.127393,0.000737603,-0.00153165
0.00045669,0.127393,0.000561475,-0.0016046
0.000443695,0.127393,0.000378286,-0.00165738
0.000428588,0.127393,0.00019034,-0.00168931
0.000420405,0.127735,-2.79853e-17,0.0017
0.000428334,0.127735,0.00019034,0.00168931
0.000443402,0.127735,0.000378286,0.00165738
0.000456359,0.127735,0.000561475,0.0016046
0.000465798,0.127735,0.000737603,0.00153165
0.000472073,0.127735,0.000904455,0.00143943
0.000475741,0.127735,0.00105993,0.00132911
0.000477184,0.127735,0.00120208,0.00120208
0.000476525,0.127735,0.00132911,0.00105993
0.000473627,0.127735,0.00143943,0.000904455
0.000468095,0.127735,0.00153165,0.000737603
0.000459359,0.127735,0.0016046,0.000561475
0.000447056,0.127735,0.00165738,0.000378286
0.000432586,0.127735,0.00168931,0.00019034
0.000425179,0.127735,0.0017,-3.77476e-19
0.000416924,0.127735,-0.0017,3.77476e-19
0.000424415,0.127735,-0.00168931,0.00019034
0.000439098,0.127735,-0.00165738,0.000378286
0.000451697,0.127735,-0.0016046,0.000561475
0.000460801,0.127735,-0.00153165,0.000737603
0.000466776,0.127735,-0.00143943,0.000904455
0.000470191,0.127735,-0.00132911,0.00105993
0.000471439,0.127735,-0.00120208,0.00120208
0.000470658,0.127735,-0.00105993,0.00132911
0.000467718,0.127735,-0.000904455,0.00143943
0.00046223,0.127735,-0.000737603,0.00153165
0.00045363,0.127735,-0.000561475,0.0016046
0.000441555,0.127735,-0.000378286,0.00165738
0.000427398,0.127735,-0.00019034,0.00168931
0.000420404,0.127735,-2.87403e-17,-0.0017
0.000427397,0.127735,-0.00019034,-0.00168931
0.000441555,0.127735,-0.000378286,-0.00165738
0.00045363,0.127735,-0.000561475,-0.0016046
0.00046223,0.127735,-0.000737603,-0.00153165
0.000467717,0.127735,-0.000904455,-0.00143943
0.000470658,0.127735,-0.00105993,-0.00132911
0.000471439,0.127735,-0.00120208,-0.00120208
0.00047019,0.127735,-0.00132911,-0.00105993
0.000466775,0.127735,-0.00143943,-0.000904455
0.000460801,0.127735,-0.00153165,-0.000737603
0.000451697,0.127735,-0.0016046,-0.000561475
0.000439098,0.127735,-0.00165738,-0.000378286
0.000424415,0.127735,-0.00168931,-0.00019034
0.000432586,0.127735,0.00168931,-0.00019034
0.000447056,0.127735,0.00165738,-0.000378286
0.000459359,0.127735,0.0016046,-0.000561475
0.000468095,0.127735,0.00153165,-0.000737603
0.000473627,0.127735,0.00143943,-0.000904455
0.000476525,0.127735,0.00132911,-0.00105993
0.000477184,0.127735,0.00120208,-0.00120208
0.000475741,0.127735,0.00105993,-0.00132911
0.000472073,0.127735,0.000904455,-0.00143943
0.000465798,0.127735,0.000737603,-0.00153165
0.000456359,0.127735,0.000561475,-0.0016046
0.000443402,0.127735,0.000378286,-0.00165738
0.000428334,0.127735,0.00019034,-0.00168931
0.000420194,0.128076,-2.80611e-17,0.0017
0.000428092,0.128076,0.00019034,0.00168931
0.000443126,0.128076,0.000378286,0.00165738
0.000456049,0.128076,0.000561475,0.0016046
0.000465455,0.128076,0.000737603,0.00153165
0.000471698,0.128076,0.000904455,0.00143943
0.000475337,0.128076,0.00105993,0.00132911
0.000476752,0.128076,0.00120208,0.00120208
0.00047607,0.128076,0.00132911,0.00105993
0.000473151,0.128076,0.00143943,0.000904455
0.000467604,0.128076,0.00153165,0.000737603
0.000458857,0.128076,0.0016046,0.000561475
0.000446547,0.128076,0.00165738,0.000378286
0.000432075,0.128076,0.00168931,0.00019034
0.000424669,0.128076,0.0017,-3.77476e-19
0.000416917,0.128076,-0.0017,3.77476e-19
0.000424405,0.128076,-0.00168931,0.00019034
0.000439081,0.128076,-0.00165738,0.000378286
0.000451671,0.128076,-0.0016046,0.000561475
0.000460767,0.128076,-0.00153165,0.000737603
0.000466732,0.128076,-0.00143943,0.000904455
0.000470137,0.128076,-0.00132911,0.00105993
0.000471373,0.128076,-0.00120208,0.00120208
0.000470577,0.128076,-0.00105993,0.00132911
0.00046762,0.128076,-0.000904455,0.00143943
0.000462113,0.128076,-0.000737603,0.00153165
0.000453492,0.128076,-0.000561475,0.0016046
0.000441394,0.128076,-0.000378286,0.00165738
0.000427213,0.128076,-0.00019034,0.00168931
0.000420193,0.128076,-2.88161e-17,-0.0017
0.000427213,0.128076,-0.00019034,-0.00168931
0.000441394,0.128076,-0.000378286,-0.00165738
0.000453492,0.128076,-0.000561475,-0.0016046
0.000462112,0.128076,-0.000737603,-0.00153165
0.000467619,0.128076,-0.000904455,-0.00143943
0.000470576,0.128076,-0.00105993,-0.00132911
0.000471372,0.128076,-0.00120208,-0.00120208
0.000470136,0.128076,-0.00132911,-0.00105993
0.000466731,0.128076,-0.00143943,-0.000904455
0.000460767,0.128076,-0.00153165,-0.000737603
0.000451671,0.128076,-0.0016046,-0.000561475
0.000439081,0.128076,-0.00165738,-0.000378286
0.000424405,0.128076,-0.00168931,-0.00019034
0.000432075,0.128076,0.00168931,-0.00019034
0.000446547,0.128076,0.00165738,-0.000378286
0.000458857,0.128076,0.0016046,-0.000561475
0.000467604,0.128076,0.00153165,-0.000737603
0.000473151,0.128076,0.00143943,-0.000904455
0.00047607,0.128076,0.00132911,-0.00105993
0.000476752,0.128076,0.00120208,-0.00120208
0.000475337,0.128076,0.00105993,-0.00132911
0.000471698,0.128076,0.000904455,-0.00143943
0.000465455,0.128076,0.000737603,-0.00153165
0.000456049,0.128076,0.000561475,-0.0016046
0.000443126,0.128076,0.000378286,-0.00165738
0.000428092,0.128076,0.00019034,-0.00168931
0.000419991,0.128418,-2.8137e-17,0.0017
0.000427862,0.128418,0.00019034,0.00168931
0.000442865,0.128418,0.000378286,0.00165738
0.000455757,0.128418,0.000561475,0.0016046
0.000465133,0.128418,0.000737603,0.00153165
0.000471347,0.128418,0.000904455,0.00143943
0.000474959,0.128418,0.00105993,0.00132911
0.00047635,0.128418,0.00120208,0.00120208
0.000475646,0.128418,0.00132911,0.00105993
0.000472709,0.128418,0.00143943,0.000904455
0.000467147,0.128418,0.00153165,0.000737603
0.00045839,0.128418,0.0016046,0.000561475
0.000446074,0.128418,0.00165738,0.000378286
0.000431602,0.128418,0.00168931,0.00019034
0.000424197,0.128418,0.0017,-3.77476e-19
0.000416896,0.128418,-0.0017,3.77476e-19
0.000424381,0.128418,-0.00168931,0.00019034
0.00043905,0.128418,-0.00165738,0.000378286
0.000451632,0.128418,-0.0016046,0.000561475
0.00046072,0.128418,-0.00153165,0.000737603
0.000466677,0.128418,-0.00143943,0.000904455
0.000470072,0.128418,-0.00132911,0.00105993
0.000471298,0.128418,-0.00120208,0.00120208
0.000470489,0.128418,-0.00105993,0.00132911
0.000467517,0.128418,-0.000904455,0.00143943
0.000461994,0.128418,-0.000737603,0.00153165
0.000453354,0.128418,-0.000561475,0.0016046
0.000441237,0.128418,-0.000378286,0.00165738
0.000427034,0.128418,-0.00019034,0.00168931
0.000419991,0.128418,-2.88919e-17,-0.0017
0.000427034,0.128418,-0.00019034,-0.00168931
0.000441237,0.128418,-0.000378286,-0.00165738
0.000453354,0.128418,-0.000561475,-0.0016046
0.000461993,0.128418,-0.000737603,-0.00153165
0.000467516,0.128418,-0.000904455,-0.00143943
0.000470488,0.128418,-0.00105993,-0.00132911
0.000471297,0.128418,-0.00120208,-0.00120208
0.000470072,0.128418,-0.00132911,-0.00105993
0.000466677,0.128418,-0.00143943,-0.000904455
0.00046072,0.128418,-0.00153165,-0.000737603
0.000451632,0.128418,-0.0016046,-0.000561475
0.000439049,0.128418,-0.00165738,-0.000378286
0.00042438,0.128418,-0.00168931,-0.00019034
0.000431602,0.128418,0.00168931,-0.00019034
0.000446074,0.128418,0.00165738,-0.000378286
0.00045839,0.128418,0.0016046,-0.000561475
0.000467147,0.128418,0.00153165,-0.000737603
0.000472709,0.128418,0.00143943,-0.000904455
0.000475646,0.128418,0.00132911,-0.00105993
0.00047635,0.128418,0.00120208,-0.00120208
0.00047496,0.128418,0.00105993,-0.00132911
0.000471348,0.128418,0.000904455,-0.00143943
0.000465133,0.128418,0.000737603,-0.00153165
0.000455757,0.128418,0.000561475,-0.0016046
0.000442865,0.128418,0.000378286,-0.00165738
0.000427862,0.128418,0.00019034,-0.00168931
0.000419798,0.128759,-2.82128e-17,0.0017
0.000427644,0.128759,0.00019034,0.00168931
0.000442619,0.128759,0.000378286,0.00165738
0.000455482,0.128759,0.000561475,0.0016046
0.00046483,0.128759,0.000737603,0.00153165
0.000471019,0.128759,0.000904455,0.00143943
0.000474606,0.128759,0.00105993,0.00132911
0.000475975,0.128759,0.00120208,0.00120208
0.000475251,0.128759,0.00132911,0.00105993
0.000472297,0.128759,0.00143943,0.000904455
0.000466722,0.128759,0.00153165,0.000737603
0.000457955,0.128759,0.0016046,0.000561475
0.000445636,0.128759,0.00165738,0.000378286
0.000431163,0.128759,0.00168931,0.00019034
0.000423758,0.128759,0.0017,-3.77476e-19
0.000416861,0.128759,-0.0017,3.77476e-19
0.000424344,0.128759,-0.00168931,0.00019034
0.000439007,0.128759,-0.00165738,0.000378286
0.000451583,0.128759,-0.0016046,0.000561475
0.000460664,0.128759,-0.00153165,0.000737603
0.000466613,0.128759,-0.00143943,0.000904455
0.000469999,0.128759,-0.00132911,0.00105993
0.000471216,0.128759,-0.00120208,0.00120208
0.000470396,0.128759,-0.00105993,0.00132911
0.000467411,0.128759,-0.000904455,0.00143943
0.000461873,0.128759,-0.000737603,0.00153165
0.000453218,0.128759,-0.000561475,0.0016046
0.000441083,0.128759,-0.000378286,0.00165738
0.000426862,0.128759,-0.00019034,0.00168931
0.000419798,0.128759,-2.89677e-17,-0.0017
0.000426862,0.128759,-0.00019034,-0.00168931
0.000441083,0.128759,-0.000378286,-0.00165738
0.000453217,0.128759,-0.000561475,-0.0016046
0.000461872,0.128759,-0.000737603,-0.00153165
0.00046741,0.128759,-0.000904455,-0.00143943
0.000470396,0.128759,-0.00105993,-0.00132911
0.000471216,0.128759,-0.00120208,-0.00120208
0.000469999,0.128759,-0.00132911,-0.00105993
0.000466613,0.128759,-0.00143943,-0.000904455
0.000460663,0.128759,-0.00153165,-0.000737603
0.000451582,0.128759,-0.0016046,-0.000561475
0.000439007,0.128759,-0.00165738,-0.000378286
0.000424344,0.128759,-0.00168931,-0.00019034
0.000431163,0.128759,0.00168931,-0.00019034
0.000445636,0.128759,0.00165738,-0.000378286
0.000457955,0.128759,0.0016046,-0.000561475
0.000466722,0.128759,0.00153165,-0.000737603
0.000472297,0.128759,0.00143943,-0.000904455
0.000475251,0.128759,0.00132911,-0.00105993
0.000475975,0.128759,0.00120208,-0.00120208
0.000474607,0.128759,0.00105993,-0.00132911
0.000471019,0.128759,0.000904455,-0.00143943
0.00046483,0.128759,0.000737603,-0.00153165
0.000455482,0.128759,0.000561475,-0.0016046
0.000442618,0.128759,0.000378286,-0.00165738
0.000427642,0.128759,0.00019034,-0.00168931
0.000419613,0.1291,-2.82886e-17,0.0017
0.000427436,0.1291,0.00019034,0.00168931
0.000442385,0.1291,0.000378286,0.00165738
0.000455223,0.1291,0.000561475,0.0016046
0.000464546,0.1291,0.000737603,0.00153165
0.000470711,0.1291,0.000904455,0.00143943
0.000474276,0.1291,0.00105993,0.00132911
0.000475624,0.1291,0.00120208,0.00120208
0.000474883,0.1291,0.00132911,0.00105993
0.000471914,0.1291,0.00143943,0.000904455
0.000466326,0.1291,0.00153165,0.000737603
0.000457552,0.1291,0.0016046,0.000561475
0.000445228,0.1291,0.00165738,0.000378286
0.000430755,0.1291,0.00168931,0.00019034
0.00042335,0.1291,0.0017,-3.77476e-19
0.000416817,0.1291,-0.0017,3.77476e-19
0.000424297,0.1291,-0.00168931,0.00019034
0.000438954,0.1291,-0.00165738,0.000378286
0.000451524,0.1291,-0.0016046,0.000561475
0.000460599,0.1291,-0.00153165,0.000737603
0.000466542,0.1291,-0.00143943,0.000904455
0.000469921,0.1291,-0.00132911,0.00105993
0.000471129,0.1291,-0.00120208,0.00120208
0.000470299,0.1291,-0.00105993,0.00132911
0.000467302,0.1291,-0.000904455,0.00143943
0.000461752,0.1291,-0.000737603,0.00153165
0.000453083,0.1291,-0.000561475,0.0016046
0.000440932,0.1291,-0.000378286,0.00165738
0.000426695,0.1291,-0.00019034,0.00168931
0.000419612,0.1291,-2.90435e-17,-0.0017
0.000426695,0.1291,-0.00019034,-0.00168931
0.000440932,0.1291,-0.000378286,-0.00165738
0.000453082,0.1291,-0.000561475,-0.0016046
0.000461751,0.1291,-0.000737603,-0.00153165
0.000467302,0.1291,-0.000904455,-0.00143943
0.000470299,0.1291,-0.00105993,-0.00132911
0.000471128,0.1291,-0.00120208,-0.00120208
0.000469921,0.1291,-0.00132911,-0.00105993
0.000466542,0.1291,-0.00143943,-0.000904455
0.000460599,0.1291,-0.00153165,-0.000737603
0.000451524,0.1291,-0.0016046,-0.000561475
0.000438954,0.1291,-0.00165738,-0.000378286
0.000424297,0.1291,-0.00168931,-0.00019034
0.000430755,0.1291,0.00168931,-0.00019034
0.000445228,0.1291,0.00165738,-0.000378286
0.000457552,0.1291,0.0016046,-0.000561475
0.000466326,0.1291,0.00153165,-0.000737603
0.000471914,0.1291,0.00143943,-0.000904455
0.000474883,0.1291,0.00132911,-0.00105993
0.000475624,0.1291,0.00120208,-0.00120208
0.000474276,0.1291,0.00105993,-0.00132911
0.000470711,0.1291,0.000904455,-0.00143943
0.000464546,0.1291,0.000737603,-0.00153165
0.000455222,0.1291,0.000561475,-0.0016046
0.000442384,0.1291,0.000378286,-0.00165738
0.000427434,0.1291,0.00019034,-0.00168931
0.000419436,0.129442,-2.83644e-17,0.0017
0.000427237,0.129442,0.00019034,0.00168931
0.000442163,0.129442,0.000378286,0.00165738
0.000454977,0.129442,0.000561475,0.0016046
0.000464277,0.129442,0.000737603,0.00153165
0.00047042,0.129442,0.000904455,0.00143943
0.000473966,0.129442,0.00105993,0.00132911
0.000475296,0.129442,0.00120208,0.00120208
0.000474538,0.129442,0.00132911,0.00105993
0.000471556,0.129442,0.00143943,0.000904455
0.000465957,0.129442,0.00153165,0.000737603
0.000457175,0.129442,0.0016046,0.000561475
0.000444847,0.129442,0.00165738,0.000378286
0.000430373,0.129442,0.00168931,0.00019034
0.00042297,0.129442,0.0017,-3.77476e-19
0.000416767,0.129442,-0.0017,3.77476e-19
0.000424243,0.129442,-0.00168931,0.00019034
0.000438895,0.129442,-0.00165738,0.000378286
0.000451459,0.129442,-0.0016046,0.000561475
0.000460529,0.129442,-0.00153165,0.000737603
0.000466465,0.129442,-0.00143943,0.000904455
0.000469839,0.129442,-0.00132911,0.00105993
0.000471039,0.129442,-0.00120208,0.00120208
0.0004702,0.129442,-0.00105993,0.00132911
0.000467194,0.129442,-0.000904455,0.00143943
0.000461631,0.129442,-0.000737603,0.00153165
0.00045295,0.129442,-0.000561475,0.0016046
0.000440786,0.129442,-0.000378286,0.00165738
0.000426535,0.129442,-0.00019034,0.00168931
0.000419436,0.129442,-2.91193e-17,-0.0017
0.000426535,0.129442,-0.00019034,-0.00168931
0.000440786,0.129442,-0.000378286,-0.00165738
0.00045295,0.129442,-0.000561475,-0.0016046
0.000461631,0.129442,-0.000737603,-0.00153165
0.000467194,0.129442,-0.000904455,-0.00143943
0.0004702,0.129442,-0.00105993,-0.00132911
0.000471038,0.129442,-0.00120208,-0.00120208
0.000469838,0.129442,-0.00132911,-0.00105993
0.000466465,0.129442,-0.00143943,-0.000904455
0.000460529,0.129442,-0.00153165,-0.000737603
0.000451459,0.129442,-0.0016046,-0.000561475
0.000438895,0.129442,-0.00165738,-0.000378286
0.000424243,0.129442,-0.00168931,-0.00019034
0.000430373,0.129442,0.00168931,-0.00019034
0.000444847,0.129442,0.00165738,-0.000378286
0.000457175,0.129442,0.0016046,-0.000561475
0.000465957,0.129442,0.00153165,-0.000737603
0.000471556,0.129442,0.00143943,-0.000904455
0.000474538,0.129442,0.00132911,-0.00105993
0.000475296,0.129442,0.00120208,-0.00120208
0.000473966,0.129442,0.00105993,-0.00132911
0.00047042,0.129442,0.000904455,-0.00143943
0.000464277,0.129442,0.000737603,-0.00153165
0.000454977,0.129442,0.000561475,-0.0016046
0.000442163,0.129442,0.000378286,-0.00165738
0.000427237,0.129442,0.00019034,-0.00168931
0.000419266,0.129783,-2.84402e-17,0.0017
0.000427048,0.129783,0.00019034,0.00168931
0.000441952,0.129783,0.000378286,0.00165738
0.000454745,0.129783,0.000561475,0.0016046
0.000464024,0.129783,0.000737603,0.00153165
0.000470147,0.129783,0.000904455,0.00143943
0.000473673,0.129783,0.00105993,0.00132911
0.000474986,0.129783,0.00120208,0.00120208
0.000474213,0.129783,0.00132911,0.00105993
0.000471219,0.129783,0.00143943,0.000904455
0.00046561,0.129783,0.00153165,0.000737603
0.000456821,0.129783,0.0016046,0.000561475
0.00044449,0.129783,0.00165738,0.000378286
0.000430016,0.129783,0.00168931,0.00019034
0.000422612,0.129783,0.0017,-3.77476e-19
0.000416712,0.129783,-0.0017,3.77476e-19
0.000424186,0.129783,-0.00168931,0.00019034
0.000438833,0.129783,-0.00165738,0.000378286
0.000451392,0.129783,-0.0016046,0.000561475
0.000460456,0.129783,-0.00153165,0.000737603
0.000466387,0.129783,-0.00143943,0.000904455
0.000469754,0.129783,-0.00132911,0.00105993
0.000470948,0.129783,-0.00120208,0.00120208
0.000470102,0.129783,-0.00105993,0.00132911
0.000467086,0.129783,-0.000904455,0.00143943
0.000461514,0.129783,-0.000737603,0.00153165
0.000452821,0.129783,-0.000561475,0.0016046
0.000440645,0.129783,-0.000378286,0.00165738
0.000426379,0.129783,-0.00019034,0.00168931
0.000419265,0.129783,-2.91951e-17,-0.0017
0.000426379,0.129783,-0.00019034,-0.00168931
0.000440645,0.129783,-0.000378286,-0.00165738
0.000452821,0.129783,-0.000561475,-0.0016046
0.000461514,0.129783,-0.000737603,-0.00153165
0.000467086,0.129783,-0.000904455,-0.00143943
0.000470102,0.129783,-0.00105993,-0.00132911
0.000470948,0.129783,-0.00120208,-0.00120208
0.000469754,0.129783,-0.00132911,-0.00105993
0.000466387,0.129783,-0.00143943,-0.000904455
0.000460456,0.129783,-0.00153165,-0.000737603
0.000451392,0.129783,-0.0016046,-0.000561475
0.000438833,0.129783,-0.00165738,-0.000378286
0.000424186,0.129783,-0.00168931,-0.00019034
0.000430016,0.129783,0.00168931,-0.00019034
0.00044449,0.129783,0.00165738,-0.000378286
0.000456821,0.129783,0.0016046,-0.000561475
0.00046561,0.129783,0.00153165,-0.000737603
0.000471219,0.129783,0.00143943,-0.000904455
0.000474213,0.129783,0.00132911,-0.00105993
0.000474986,0.129783,0.00120208,-0.00120208
0.000473673,0.129783,0.00105993,-0.00132911
0.000470147,0.129783,0.000904455,-0.00143943
0.000464024,0.129783,0.000737603,-0.00153165
0.000454745,0.129783,0.000561475,-0.0016046
0.000441951,0.129783,0.000378286,-0.00165738
0.000427047,0.129783,0.00019034,-0.00168931
0.000419103,0.130125,-2.8516e-17,0.0017
0.000426867,0.130125,0.00019034,0.00168931
0.000441751,0.130125,0.000378286,0.00165738
0.000454523,0.130125,0.000561475,0.0016046
0.000463783,0.130125,0.000737603,0.00153165
0.000469888,0.130125,0.000904455,0.00143943
0.000473396,0.130125,0.00105993,0.00132911
0.000474693,0.130125,0.00120208,0.00120208
0.000473906,0.130125,0.00132911,0.00105993
0.000470899,0.130125,0.00143943,0.000904455
0.000465281,0.130125,0.00153165,0.000737603
0.000456486,0.130125,0.0016046,0.000561475
0.000444152,0.130125,0.00165738,0.000378286
0.000429678,0.130125,0.00168931,0.00019034
0.000422274,0.130125,0.0017,-3.77476e-19
0.000416656,0.130125,-0.0017,3.77476e-19
0.000424127,0.130125,-0.00168931,0.00019034
0.00043877,0.130125,-0.00165738,0.000378286
0.000451324,0.130125,-0.0016046,0.000561475
0.000460383,0.130125,-0.00153165,0.000737603
0.000466309,0.130125,-0.00143943,0.000904455
0.00046967,0.130125,-0.00132911,0.00105993
0.000470858,0.130125,-0.00120208,0.00120208
0.000470005,0.130125,-0.00105993,0.00132911
0.000466981,0.130125,-0.000904455,0.00143943
0.000461399,0.130125,-0.000737603,0.00153165
0.000452696,0.130125,-0.000561475,0.0016046
0.000440508,0.130125,-0.000378286,0.00165738
0.000426231,0.130125,-0.00019034,0.00168931
0.000419102,0.130125,-2.9271e-17,-0.0017
0.00042623,0.130125,-0.00019034,-0.00168931
0.000440508,0.130125,-0.000378286,-0.00165738
0.000452696,0.130125,-0.000561475,-0.0016046
0.000461399,0.130125,-0.000737603,-0.00153165
0.000466981,0.130125,-0.000904455,-0.00143943
0.000470005,0.130125,-0.00105993,-0.00132911
0.000470857,0.130125,-0.00120208,-0.00120208
0.00046967,0.130125,-0.00132911,-0.00105993
0.000466309,0.130125,-0.00143943,-0.000904455
0.000460383,0.130125,-0.00153165,-0.000737603
0.000451324,0.130125,-0.0016046,-0.000561475
0.00043877,0.130125,-0.00165738,-0.000378286
0.000424127,0.130125,-0.00168931,-0.00019034
0.000429678,0.130125,0.00168931,-0.00019034
0.000444152,0.130125,0.00165738,-0.000378286
0.000456486,0.130125,0.0016046,-0.000561475
0.000465281,0.130125,0.00153165,-0.000737603
0.000470899,0.130125,0.00143943,-0.000904455
0.000473906,0.130125,0.00132911,-0.00105993
0.000474694,0.130125,0.00120208,-0.00120208
0.000473397,0.130125,0.00105993,-0.00132911
0.000469888,0.130125,0.000904455,-0.00143943
0.000463783,0.130125,0.000737603,-0.00153165
0.000454523,0.130125,0.000561475,-0.0016046
0.000441749,0.130125,0.000378286,-0.00165738
0.000426865,0.130125,0.00019034,-0.00168931
0.000418947,0.130466,-2.85918e-17,0.0017
0.000426693,0.130466,0.00019034,0.00168931
0.000441558,0.130466,0.000378286,0.00165738
0.000454311,0.130466,0.000561475,0.0016046
0.000463552,0.130466,0.000737603,0.00153165
0.00046964,0.130466,0.000904455,0.00143943
0.000473132,0.130466,0.00105993,0.00132911
0.000474414,0.130466,0.00120208,0.00120208
0.000473613,0.130466,0.00132911,0.00105993
0.000470594,0.130466,0.00143943,0.000904455
0.000464968,0.130466,0.00153165,0.000737603
0.000456168,0.130466,0.0016046,0.000561475
0.000443831,0.130466,0.00165738,0.000378286
0.000429357,0.130466,0.00168931,0.00019034
0.000421954,0.130466,0.0017,-3.77476e-19
0.000416601,0.130466,-0.0017,3.77476e-19
0.00042407,0.130466,-0.00168931,0.00019034
0.000438707,0.130466,-0.00165738,0.000378286
0.000451257,0.130466,-0.0016046,0.000561475
0.000460311,0.130466,-0.00153165,0.000737603
0.000466233,0.130466,-0.00143943,0.000904455
0.000469589,0.130466,-0.00132911,0.00105993
0.00047077,0.130466,-0.00120208,0.00120208
0.000469911,0.130466,-0.00105993,0.00132911
0.000466879,0.130466,-0.000904455,0.00143943
0.000461288,0.130466,-0.000737603,0.00153165
0.000452575,0.130466,-0.000561475,0.0016046
0.000440376,0.130466,-0.000378286,0.00165738
0.000426088,0.130466,-0.00019034,0.00168931
0.000418946,0.130466,-2.93468e-17,-0.0017
0.000426088,0.130466,-0.00019034,-0.00168931
0.000440376,0.130466,-0.000378286,-0.00165738
0.000452574,0.130466,-0.000561475,-0.0016046
0.000461288,0.130466,-0.000737603,-0.00153165
0.000466879,0.130466,-0.000904455,-0.00143943
0.000469911,0.130466,-0.00105993,-0.00132911
0.00047077,0.130466,-0.00120208,-0.00120208
0.000469589,0.130466,-0.00132911,-0.00105993
0.000466233,0.130466,-0.00143943,-0.000904455
0.000460311,0.130466,-0.00153165,-0.000737603
0.000451257,0.130466,-0.0016046,-0.000561475
0.000438707,0.130466,-0.00165738,-0.000378286
0.00042407,0.130466,-0.00168931,-0.00019034
0.000429357,0.130466,0.00168931,-0.00019034
0.000443831,0.130466,0.00165738,-0.000378286
0.000456168,0.130466,0.0016046,-0.000561475
0.000464968,0.130466,0.00153165,-0.000737603
0.000470595,0.130466,0.00143943,-0.000904455
0.000473614,0.130466,0.00132911,-0.00105993
0.000474415,0.130466,0.00120208,-0.00120208
0.000473133,0.130466,0.00105993,-0.00132911
0.00046964,0.130466,0.000904455,-0.00143943
0.000463552,0.130466,0.000737603,-0.00153165
0.000454311,0.130466,0.000561475,-0.0016046
0.000441557,0.130466,0.000378286,-0.00165738
0.000426693,0.130466,0.00019034,-0.00168931
0.000418797,0.130808,-2.86676e-17,0.0017
0.000426528,0.130808,0.00019034,0.00168931
0.000441373,0.130808,0.000378286,0.00165738
0.000454108,0.130808,0.000561475,0.0016046
0.000463332,0.130808,0.000737603,0.00153165
0.000469403,0.130808,0.000904455,0.00143943
0.000472879,0.130808,0.00105993,0.00132911
0.000474147,0.130808,0.00120208,0.00120208
0.000473334,0.130808,0.00132911,0.00105993
0.000470305,0.130808,0.00143943,0.000904455
0.00046467,0.130808,0.00153165,0.000737603
0.000455864,0.130808,0.0016046,0.000561475
0.000443524,0.130808,0.00165738,0.000378286
0.000429049,0.130808,0.00168931,0.00019034
0.000421647,0.130808,0.0017,-3.77476e-19
0.00041655,0.130808,-0.0017,3.77476e-19
0.000424016,0.130808,-0.00168931,0.00019034
0.000438649,0.130808,-0.00165738,0.000378286
0.000451194,0.130808,-0.0016046,0.000561475
0.000460243,0.130808,-0.00153165,0.000737603
0.000466159,0.130808,-0.00143943,0.000904455
0.00046951,0.130808,-0.00132911,0.00105993
0.000470685,0.130808,-0.00120208,0.00120208
0.00046982,0.130808,-0.00105993,0.00132911
0.000466781,0.130808,-0.000904455,0.00143943
0.000461181,0.130808,-0.000737603,0.00153165
0.000452458,0.130808,-0.000561475,0.0016046
0.00044025,0.130808,-0.000378286,0.00165738
0.000425951,0.130808,-0.00019034,0.00168931
0.000418797,0.130808,-2.94226e-17,-0.0017
0.000425951,0.130808,-0.00019034,-0.00168931
0.000440249,0.130808,-0.000378286,-0.00165738
0.000452458,0.130808,-0.000561475,-0.0016046
0.000461181,0.130808,-0.000737603,-0.00153165
0.00046678,0.130808,-0.000904455,-0.00143943
0.00046982,0.130808,-0.00105993,-0.00132911
0.000470685,0.130808,-0.00120208,-0.00120208
0.00046951,0.130808,-0.00132911,-0.00105993
0.00046616,0.130808,-0.00143943,-0.000904455
0.000460243,0.130808,-0.00153165,-0.000737603
0.000451193,0.130808,-0.0016046,-0.000561475
0.000438648,0.130808,-0.00165738,-0.000378286
0.000424016,0.130808,-0.00168931,-0.00019034
0.000429049,0.130808,0.00168931,-0.00019034
0.000443524,0.130808,0.00165738,-0.000378286
0.000455864,0.130808,0.0016046,-0.000561475
0.00046467,0.130808,0.00153165,-0.000737603
0.000470306,0.130808,0.00143943,-0.000904455
0.000473335,0.130808,0.00132911,-0.00105993
0.000474148,0.130808,0.00120208,-0.00120208
0.00047288,0.130808,0.00105993,-0.00132911
0.000469403,0.130808,0.000904455,-0.00143943
0.000463332,0.130808,0.000737603,-0.00153165
0.000454108,0.130808,0.000561475,-0.0016046
0.000441373,0.130808,0.000378286,-0.00165738
0.000426528,0.130808,0.00019034,-0.00168931
0.000418653,0.131149,-2.87434e-17,0.0017
0.000426367,0.131149,0.00019034,0.00168931
0.000441195,0.131149,0.000378286,0.00165738
0.000453913,0.131149,0.000561475,0.0016046
0.00046312,0.131149,0.000737603,0.00153165
0.000469175,0.131149,0.000904455,0.00143943
0.000472637,0.131149,0.00105993,0.00132911
0.000473891,0.131149,0.00120208,0.00120208
0.000473066,0.131149,0.00132911,0.00105993
0.000470026,0.131149,0.00143943,0.000904455
0.000464384,0.131149,0.00153165,0.000737603
0.000455572,0.131149,0.0016046,0.000561475
0.000443229,0.131149,0.00165738,0.000378286
0.000428754,0.131149,0.00168931,0.00019034
0.000421353,0.131149,0.0017,-3.77476e-19
0.000416501,0.131149,-0.0017,3.77476e-19
0.000423967,0.131149,-0.00168931,0.00019034
0.000438595,0.131149,-0.00165738,0.000378286
0.000451135,0.131149,-0.0016046,0.000561475
0.000460178,0.131149,-0.00153165,0.000737603
0.000466091,0.131149,-0.00143943,0.000904455
0.000469437,0.131149,-0.00132911,0.00105993
0.000470606,0.131149,-0.00120208,0.00120208
0.000469734,0.131149,-0.00105993,0.00132911
0.000466687,0.131149,-0.000904455,0.00143943
0.00046108,0.131149,-0.000737603,0.00153165
0.000452347,0.131149,-0.000561475,0.0016046
0.000440129,0.131149,-0.000378286,0.00165738
0.00042582,0.131149,-0.00019034,0.00168931
0.000418653,0.131149,-2.94984e-17,-0.0017
0.00042582,0.131149,-0.00019034,-0.00168931
0.000440129,0.131149,-0.000378286,-0.00165738
0.000452346,0.131149,-0.000561475,-0.0016046
0.000461079,0.131149,-0.000737603,-0.00153165
0.000466687,0.131149,-0.000904455,-0.00143943
0.000469734,0.131149,-0.00105993,-0.00132911
0.000470606,0.131149,-0.00120208,-0.00120208
0.000469437,0.131149,-0.00132911,-0.00105993
0.00046609,0.131149,-0.00143943,-0.000904455
0.000460178,0.131149,-0.00153165,-0.000737603
0.000451133,0.131149,-0.0016046,-0.000561475
0.000438594,0.131149,-0.00165738,-0.000378286
0.000423967,0.131149,-0.00168931,-0.00019034
0.000428754,0.131149,0.00168931,-0.00019034
0.000443229,0.131149,0.00165738,-0.000378286
0.000455572,0.131149,0.0016046,-0.000561475
0.000464384,0.131149,0.00153165,-0.000737603
0.000470026,0.131149,0.00143943,-0.000904455
0.000473066,0.131149,0.00132911,-0.00105993
0.000473891,0.131149,0.00120208,-0.00120208
0.000472638,0.131149,0.00105993,-0.00132911
0.000469175,0.131149,0.000904455,-0.00143943
0.000463121,0.131149,0.000737603,-0.00153165
0.000453914,0.131149,0.000561475,-0.0016046
0.000441195,0.131149,0.000378286,-0.00165738
0.000426367,0.131149,0.00019034,-0.00168931
0.000418515,0.13149,-2.88193e-17,0.0017
0.000426213,0.13149,0.00019034,0.00168931
0.000441024,0.13149,0.000378286,0.00165738
0.000453725,0.13149,0.000561475,0.0016046
0.000462915,0.13149,0.000737603,0.00153165
0.000468954,0.13149,0.000904455,0.00143943
0.000472402,0.13149,0.00105993,0.00132911
0.000473643,0.13149,0.00120208,0.00120208
0.000472806,0.13149,0.00132911,0.00105993
0.000469757,0.13149,0.00143943,0.000904455
0.000464106,0.13149,0.00153165,0.000737603
0.000455289,0.13149,0.0016046,0.000561475
0.000442944,0.13149,0.00165738,0.000378286
0.000428469,0.13149,0.00168931,0.00019034
0.000421068,0.13149,0.0017,-3.77476e-19
0.00041646,0.13149,-0.0017,3.77476e-19
0.000423923,0.13149,-0.00168931,0.00019034
0.000438547,0.13149,-0.00165738,0.000378286
0.000451081,0.13149,-0.0016046,0.000561475
0.000460121,0.13149,-0.00153165,0.000737603
0.000466028,0.13149,-0.00143943,0.000904455
0.000469369,0.13149,-0.00132911,0.00105993
0.000470533,0.13149,-0.00120208,0.00120208
0.000469654,0.13149,-0.00105993,0.00132911
0.0004666,0.13149,-0.000904455,0.00143943
0.000460984,0.13149,-0.000737603,0.00153165
0.000452242,0.13149,-0.000561475,0.0016046
0.000440014,0.13149,-0.000378286,0.00165738
0.000425694,0.13149,-0.00019034,0.00168931
0.000418515,0.13149,-2.95742e-17,-0.0017
0.000425694,0.13149,-0.00019034,-0.00168931
0.000440014,0.13149,-0.000378286,-0.00165738
0.000452241,0.13149,-0.000561475,-0.0016046
0.000460982,0.13149,-0.000737603,-0.00153165
0.000466599,0.13149,-0.000904455,-0.00143943
0.000469654,0.13149,-0.00105993,-0.00132911
0.000470533,0.13149,-0.00120208,-0.00120208
0.000469369,0.13149,-0.00132911,-0.00105993
0.000466028,0.13149,-0.00143943,-0.000904455
0.000460121,0.13149,-0.00153165,-0.000737603
0.000451081,0.13149,-0.0016046,-0.000561475
0.000438546,0.13149,-0.00165738,-0.000378286
0.000423923,0.13149,-0.00168931,-0.00019034
0.000428469,0.13149,0.00168931,-0.00019034
0.000442944,0.13149,0.00165738,-0.000378286
0.000455289,0.13149,0.0016046,-0.000561475
0.000464106,0.13149,0.00153165,-0.000737603
0.000469757,0.13149,0.00143943,-0.000904455
0.000472806,0.13149,0.00132911,-0.00105993
0.000473644,0.13149,0.00120208,-0.00120208
0.000472403,0.13149,0.00105993,-0.00132911
0.000468956,0.13149,0.000904455,-0.00143943
0.000462917,0.13149,0.000737603,-0.00153165
0.000453727,0.13149,0.000561475,-0.0016046
0.000441024,0.13149,0.000378286,-0.00165738
0.000426213,0.13149,0.00019034,-0.00168931
0.000418382,0.131832,-2.88951e-17,0.0017
0.000426065,0.131832,0.00019034,0.00168931
0.000440859,0.131832,0.000378286,0.00165738
0.000453543,0.131832,0.000561475,0.0016046
0.000462718,0.131832,0.000737603,0.00153165
0.000468741,0.131832,0.000904455,0.00143943
0.000472173,0.131832,0.00105993,0.00132911
0.000473401,0.131832,0.00120208,0.00120208
0.000472554,0.131832,0.00132911,0.00105993
0.000469495,0.131832,0.00143943,0.000904455
0.000463836,0.131832,0.00153165,0.000737603
0.000455013,0.131832,0.0016046,0.000561475
0.000442666,0.131832,0.00165738,0.000378286
0.00042819,0.131832,0.00168931,0.00019034
0.00042079,0.131832,0.0017,-3.77476e-19
0.000416426,0.131832,-0.0017,3.77476e-19
0.000423887,0.131832,-0.00168931,0.00019034
0.000438506,0.131832,-0.00165738,0.000378286
0.000451036,0.131832,-0.0016046,0.000561475
0.000460071,0.131832,-0.00153165,0.000737603
0.000465973,0.131832,-0.00143943,0.000904455
0.000469308,0.131832,-0.00132911,0.00105993
0.000470466,0.131832,-0.00120208,0.00120208
0.00046958,0.131832,-0.00105993,0.00132911
0.000466518,0.131832,-0.000904455,0.00143943
0.000460893,0.131832,-0.000737603,0.00153165
0.000452141,0.131832,-0.000561475,0.0016046
0.000439904,0.131832,-0.000378286,0.00165738
0.000425574,0.131832,-0.00019034,0.00168931
0.000418382,0.131832,-2.965e-17,-0.0017
0.000425574,0.131832,-0.00019034,-0.00168931
0.000439904,0.131832,-0.000378286,-0.00165738
0.000452141,0.131832,-0.000561475,-0.0016046
0.000460892,0.131832,-0.000737603,-0.00153165
0.000466517,0.131832,-0.000904455,-0.00143943
0.00046958,0.131832,-0.00105993,-0.00132911
0.000470466,0.131832,-0.00120208,-0.00120208
0.000469308,0.131832,-0.00132911,-0.00105993
0.000465973,0.131832,-0.00143943,-0.000904455
0.000460071,0.131832,-0.00153165,-0.000737603
0.000451036,0.131832,-0.0016046,-0.000561475
0.000438506,0.131832,-0.00165738,-0.000378286
0.000423887,0.131832,-0.00168931,-0.00019034
0.00042819,0.131832,0.00168931,-0.00019034
0.000442666,0.131832,0.00165738,-0.000378286
0.000455013,0.131832,0.0016046,-0.000561475
0.000463836,0.131832,0.00153165,-0.000737603
0.000469495,0.131832,0.00143943,-0.000904455
0.000472554,0.131832,0.00132911,-0.00105993
0.000473403,0.131832,0.00120208,-0.00120208
0.000472175,0.131832,0.00105993,-0.00132911
0.000468742,0.131832,0.000904455,-0.00143943
0.000462719,0.131832,0.000737603,-0.00153165
0.000453544,0.131832,0.000561475,-0.0016046
0.000440859,0.131832,0.000378286,-0.00165738
0.000426065,0.131832,0.00019034,-0.00168931
0.000418254,0.132173,-2.89709e-17,0.0017
0.000425922,0.132173,0.00019034,0.00168931
0.000440699,0.132173,0.000378286,0.00165738
0.000453367,0.132173,0.000561475,0.0016046
0.000462525,0.132173,0.000737603,0.00153165
0.000468533,0.132173,0.000904455,0.00143943
0.000471952,0.132173,0.00105993,0.00132911
0.000473167,0.132173,0.00120208,0.00120208
0.000472308,0.132173,0.00132911,0.00105993
0.000469239,0.132173,0.00143943,0.000904455
0.000463573,0.132173,0.00153165,0.000737603
0.000454745,0.132173,0.0016046,0.000561475
0.000442394,0.132173,0.00165738,0.000378286
0.000427918,0.132173,0.00168931,0.00019034
0.000420517,0.132173,0.0017,-3.77476e-19
0.0004164,0.132173,-0.0017,3.77476e-19
0.00042386,0.132173,-0.00168931,0.00019034
0.000438473,0.132173,-0.00165738,0.000378286
0.000450999,0.132173,-0.0016046,0.000561475
0.000460029,0.132173,-0.00153165,0.000737603
0.000465925,0.132173,-0.00143943,0.000904455
0.000469254,0.132173,-0.00132911,0.00105993
0.000470406,0.132173,-0.00120208,0.00120208
0.000469512,0.132173,-0.00105993,0.00132911
0.000466442,0.132173,-0.000904455,0.00143943
0.000460808,0.132173,-0.000737603,0.00153165
0.000452047,0.132173,-0.000561475,0.0016046
0.000439799,0.132173,-0.000378286,0.00165738
0.00042546,0.132173,-0.00019034,0.00168931
0.000418254,0.132173,-2.97258e-17,-0.0017
0.00042546,0.132173,-0.00019034,-0.00168931
0.000439799,0.132173,-0.000378286,-0.00165738
0.000452047,0.132173,-0.000561475,-0.0016046
0.000460808,0.132173,-0.000737603,-0.00153165
0.000466442,0.132173,-0.000904455,-0.00143943
0.000469512,0.132173,-0.00105993,-0.00132911
0.000470406,0.132173,-0.00120208,-0.00120208
0.000469254,0.132173,-0.00132911,-0.00105993
0.000465925,0.132173,-0.00143943,-0.000904455
0.000460028,0.132173,-0.00153165,-0.000737603
0.000450998,0.132173,-0.0016046,-0.000561475
0.000438473,0.132173,-0.00165738,-0.000378286
0.000423858,0.132173,-0.00168931,-0.00019034
0.000427918,0.132173,0.00168931,-0.00019034
0.000442394,0.132173,0.00165738,-0.000378286
0.000454745,0.132173,0.0016046,-0.000561475
0.000463573,0.132173,0.00153165,-0.000737603
0.000469239,0.132173,0.00143943,-0.000904455
0.000472308,0.132173,0.00132911,-0.00105993
0.000473168,0.132173,0.00120208,-0.00120208
0.000471953,0.132173,0.00105993,-0.00132911
0.000468534,0.132173,0.000904455,-0.00143943
0.000462526,0.132173,0.000737603,-0.00153165
0.000453367,0.132173,0.000561475,-0.0016046
0.000440699,0.132173,0.000378286,-0.00165738
0.000425922,0.132173,0.00019034,-0.00168931
0.000418132,0.132515,-2.90467e-17,0.0017
0.000425784,0.132515,0.00019034,0.00168931
0.000440544,0.132515,0.000378286,0.00165738
0.000453195,0.132515,0.000561475,0.0016046
0.000462337,0.132515,0.000737603,0.00153165
0.00046833,0.132515,0.000904455,0.00143943
0.000471736,0.132515,0.00105993,0.00132911
0.000472938,0.132515,0.00120208,0.00120208
0.000472067,0.132515,0.00132911,0.00105993
0.000468988,0.132515,0.00143943,0.000904455
0.000463314,0.132515,0.00153165,0.000737603
0.000454481,0.132515,0.0016046,0.000561475
0.000442127,0.132515,0.00165738,0.000378286
0.00042765,0.132515,0.00168931,0.00019034
0.000420249,0.132515,0.0017,-3.77476e-19
0.000416382,0.132515,-0.0017,3.77476e-19
0.000423839,0.132515,-0.00168931,0.00019034
0.000438449,0.132515,-0.00165738,0.000378286
0.000450969,0.132515,-0.0016046,0.000561475
0.000459995,0.132515,-0.00153165,0.000737603
0.000465885,0.132515,-0.00143943,0.000904455
0.000469208,0.132515,-0.00132911,0.00105993
0.000470352,0.132515,-0.00120208,0.00120208
0.000469451,0.132515,-0.00105993,0.00132911
0.000466372,0.132515,-0.000904455,0.00143943
0.00046073,0.132515,-0.000737603,0.00153165
0.000451959,0.132515,-0.000561475,0.0016046
0.000439701,0.132515,-0.000378286,0.00165738
0.00042535,0.132515,-0.00019034,0.00168931
0.000418132,0.132515,-2.98016e-17,-0.0017
0.00042535,0.132515,-0.00019034,-0.00168931
0.000439701,0.132515,-0.000378286,-0.00165738
0.000451959,0.132515,-0.000561475,-0.0016046
0.00046073,0.132515,-0.000737603,-0.00153165
0.000466372,0.132515,-0.000904455,-0.00143943
0.000469451,0.132515,-0.00105993,-0.00132911
0.000470352,0.132515,-0.00120208,-0.00120208
0.000469208,0.132515,-0.00132911,-0.00105993
0.000465884,0.132515,-0.00143943,-0.000904455
0.000459993,0.132515,-0.00153165,-0.000737603
0.000450968,0.132515,-0.0016046,-0.000561475
0.000438448,0.132515,-0.00165738,-0.000378286
0.000423838,0.132515,-0.00168931,-0.00019034
0.00042765,0.132515,0.00168931,-0.00019034
0.000442127,0.132515,0.00165738,-0.000378286
0.000454481,0.132515,0.0016046,-0.000561475
0.000463314,0.132515,0.00153165,-0.000737603
0.000468988,0.132515,0.00143943,-0.000904455
0.000472067,0.132515,0.00132911,-0.00105993
0.000472938,0.132515,0.00120208,-0.00120208
0.000471736,0.132515,0.00105993,-0.00132911
0.000468331,0.132515,0.000904455,-0.00143943
0.000462338,0.132515,0.000737603,-0.00153165
0.000453196,0.132515,0.000561475,-0.0016046
0.000440544,0.132515,0.000378286,-0.00165738
0.000425784,0.132515,0.00019034,-0.00168931
0.000418014,0.132856,-2.91225e-17,0.0017
0.00042565,0.132856,0.00019034,0.00168931
0.000440393,0.132856,0.000378286,0.00165738
0.000453028,0.132856,0.000561475,0.0016046
0.000462154,0.132856,0.000737603,0.00153165
0.000468132,0.132856,0.000904455,0.00143943
0.000471523,0.132856,0.00105993,0.00132911
0.000472713,0.132856,0.00120208,0.00120208
0.00047183,0.132856,0.00132911,0.00105993
0.000468741,0.132856,0.00143943,0.000904455
0.00046306,0.132856,0.00153165,0.000737603
0.000454221,0.132856,0.0016046,0.000561475
0.000441865,0.132856,0.00165738,0.000378286
0.000427387,0.132856,0.00168931,0.00019034
0.000419986,0.132856,0.0017,-3.77476e-19
0.000416373,0.132856,-0.0017,3.77476e-19
0.000423827,0.132856,-0.00168931,0.00019034
0.000438432,0.132856,-0.00165738,0.000378286
0.000450948,0.132856,-0.0016046,0.000561475
0.000459968,0.132856,-0.00153165,0.000737603
0.000465853,0.132856,-0.00143943,0.000904455
0.000469169,0.132856,-0.00132911,0.00105993
0.000470306,0.132856,-0.00120208,0.00120208
0.000469396,0.132856,-0.00105993,0.00132911
0.000466309,0.132856,-0.000904455,0.00143943
0.000460657,0.132856,-0.000737603,0.00153165
0.000451876,0.132856,-0.000561475,0.0016046
0.000439607,0.132856,-0.000378286,0.00165738
0.000425245,0.132856,-0.00019034,0.00168931
0.000418014,0.132856,-2.98774e-17,-0.0017
0.000425245,0.132856,-0.00019034,-0.00168931
0.000439607,0.132856,-0.000378286,-0.00165738
0.000451876,0.132856,-0.000561475,-0.0016046
0.000460657,0.132856,-0.000737603,-0.00153165
0.000466309,0.132856,-0.000904455,-0.00143943
0.000469396,0.132856,-0.00105993,-0.00132911
0.000470306,0.132856,-0.00120208,-0.00120208
0.000469169,0.132856,-0.00132911,-0.00105993
0.000465852,0.132856,-0.00143943,-0.000904455
0.000459966,0.132856,-0.00153165,-0.000737603
0.000450946,0.132856,-0.0016046,-0.000561475
0.000438431,0.132856,-0.00165738,-0.000378286
0.000423827,0.132856,-0.00168931,-0.00019034
0.000427387,0.132856,0.00168931,-0.00019034
0.000441864,0.132856,0.00165738,-0.000378286
0.000454221,0.132856,0.0016046,-0.000561475
0.00046306,0.132856,0.00153165,-0.000737603
0.000468741,0.132856,0.00143943,-0.000904455
0.00047183,0.132856,0.00132911,-0.00105993
0.000472713,0.132856,0.00120208,-0.00120208
0.000471524,0.132856,0.00105993,-0.00132911
0.000468134,0.132856,0.000904455,-0.00143943
0.000462155,0.132856,0.000737603,-0.00153165
0.000453028,0.132856,0.000561475,-0.0016046
0.000440394,0.132856,0.000378286,-0.00165738
0.00042565,0.132856,0.00019034,-0.00168931
0.0004179,0.133197,-2.91983e-17,0.0017
0.00042552,0.133197,0.00019034,0.00168931
0.000440247,0.133197,0.000378286,0.00165738
0.000452865,0.133197,0.000561475,0.0016046
0.000461976,0.133197,0.000737603,0.00153165
0.000467938,0.133197,0.000904455,0.00143943
0.000471315,0.133197,0.00105993,0.00132911
0.000472492,0.133197,0.00120208,0.00120208
0.000471598,0.133197,0.00132911,0.00105993
0.0004685,0.133197,0.00143943,0.000904455
0.000462811,0.133197,0.00153165,0.000737603
0.000453967,0.133197,0.0016046,0.000561475
0.000441607,0.133197,0.00165738,0.000378286
0.000427128,0.133197,0.00168931,0.00019034
0.000419728,0.133197,0.0017,-3.77476e-19
0.000416371,0.133197,-0.0017,3.77476e-19
0.000423824,0.133197,-0.00168931,0.00019034
0.000438424,0.133197,-0.00165738,0.000378286
0.000450934,0.133197,-0.0016046,0.000561475
0.000459949,0.133197,-0.00153165,0.000737603
0.000465828,0.133197,-0.00143943,0.000904455
0.000469137,0.133197,-0.00132911,0.00105993
0.000470267,0.133197,-0.00120208,0.00120208
0.000469349,0.133197,-0.00105993,0.00132911
0.000466252,0.133197,-0.000904455,0.00143943
0.00046059,0.133197,-0.000737603,0.00153165
0.000451798,0.133197,-0.000561475,0.0016046
0.000439517,0.133197,-0.000378286,0.00165738
0.000425144,0.133197,-0.00019034,0.00168931
0.000417901,0.133197,-2.99533e-17,-0.0017
0.000425145,0.133197,-0.00019034,-0.00168931
0.000439518,0.133197,-0.000378286,-0.00165738
0.000451798,0.133197,-0.000561475,-0.0016046
0.00046059,0.133197,-0.000737603,-0.00153165
0.000466252,0.133197,-0.000904455,-0.00143943
0.000469349,0.133197,-0.00105993,-0.00132911
0.000470267,0.133197,-0.00120208,-0.00120208
0.000469137,0.133197,-0.00132911,-0.00105993
0.000465828,0.133197,-0.00143943,-0.000904455
0.000459948,0.133197,-0.00153165,-0.000737603
0.000450933,0.133197,-0.0016046,-0.000561475
0.000438424,0.133197,-0.00165738,-0.000378286
0.000423824,0.133197,-0.00168931,-0.00019034
0.000427128,0.133197,0.00168931,-0.00019034
0.000441607,0.133197,0.00165738,-0.000378286
0.000453967,0.133197,0.0016046,-0.000561475
0.000462811,0.133197,0.00153165,-0.000737603
0.0004685,0.133197,0.00143943,-0.000904455
0.000471598,0.133197,0.00132911,-0.00105993
0.000472492,0.133197,0.00120208,-0.00120208
0.000471317,0.133197,0.00105993,-0.00132911
0.00046794,0.133197,0.000904455,-0.00143943
0.000461977,0.133197,0.000737603,-0.00153165
0.000452866,0.133197,0.000561475,-0.0016046
0.000440247,0.133197,0.000378286,-0.00165738
0.000425521,0.133197,0.00019034,-0.00168931
0.000417792,0.133539,-2.92741e-17,0.0017
0.000425395,0.133539,0.00019034,0.00168931
0.000440105,0.133539,0.000378286,0.00165738
0.000452706,0.133539,0.000561475,0.0016046
0.000461801,0.133539,0.000737603,0.00153165
0.000467749,0.133539,0.000904455,0.00143943
0.000471112,0.133539,0.00105993,0.00132911
0.000472276,0.133539,0.00120208,0.00120208
0.00047137,0.133539,0.00132911,0.00105993
0.000468263,0.133539,0.00143943,0.000904455
0.000462566,0.133539,0.00153165,0.000737603
0.000453716,0.133539,0.0016046,0.000561475
0.000441353,0.133539,0.00165738,0.000378286
0.000426874,0.133539,0.00168931,0.00019034
0.000419474,0.133539,0.0017,-3.77476e-19
0.000416377,0.133539,-0.0017,3.77476e-19
0.000423828,0.133539,-0.00168931,0.00019034
0.000438425,0.133539,-0.00165738,0.000378286
0.000450929,0.133539,-0.0016046,0.000561475
0.000459937,0.133539,-0.00153165,0.000737603
0.00046581,0.133539,-0.00143943,0.000904455
0.000469113,0.133539,-0.00132911,0.00105993
0.000470235,0.133539,-0.00120208,0.00120208
0.000469308,0.133539,-0.00105993,0.00132911
0.000466201,0.133539,-0.000904455,0.00143943
0.000460528,0.133539,-0.000737603,0.00153165
0.000451726,0.133539,-0.000561475,0.0016046
0.000439433,0.133539,-0.000378286,0.00165738
0.000425048,0.133539,-0.00019034,0.00168931
0.000417792,0.133539,-3.00291e-17,-0.0017
0.000425049,0.133539,-0.00019034,-0.00168931
0.000439434,0.133539,-0.000378286,-0.00165738
0.000451726,0.133539,-0.000561475,-0.0016046
0.000460528,0.133539,-0.000737603,-0.00153165
0.000466201,0.133539,-0.000904455,-0.00143943
0.000469308,0.133539,-0.00105993,-0.00132911
0.000470235,0.133539,-0.00120208,-0.00120208
0.000469113,0.133539,-0.00132911,-0.00105993
0.00046581,0.133539,-0.00143943,-0.000904455
0.000459937,0.133539,-0.00153165,-0.000737603
0.000450929,0.133539,-0.0016046,-0.000561475
0.000438424,0.133539,-0.00165738,-0.000378286
0.000423828,0.133539,-0.00168931,-0.00019034
0.000426874,0.133539,0.00168931,-0.00019034
0.000441353,0.133539,0.00165738,-0.000378286
0.000453717,0.133539,0.0016046,-0.000561475
0.000462566,0.133539,0.00153165,-0.000737603
0.000468263,0.133539,0.00143943,-0.000904455
0.00047137,0.133539,0.00132911,-0.00105993
0.000472276,0.133539,0.00120208,-0.00120208
0.000471113,0.133539,0.00105993,-0.00132911
0.00046775,0.133539,0.000904455,-0.00143943
0.000461803,0.133539,0.000737603,-0.00153165
0.000452708,0.133539,0.000561475,-0.0016046
0.000440106,0.133539,0.000378286,-0.00165738
0.000425397,0.133539,0.00019034,-0.00168931
0.000417686,0.13388,-2.93499e-17,0.0017
0.000425274,0.13388,0.00019034,0.00168931
0.000439967,0.13388,0.000378286,0.00165738
0.000452553,0.13388,0.000561475,0.0016046
0.000461632,0.13388,0.000737603,0.00153165
0.000467565,0.13388,0.000904455,0.00143943
0.000470914,0.13388,0.00105993,0.00132911
0.000472064,0.13388,0.00120208,0.00120208
0.000471147,0.13388,0.00132911,0.00105993
0.00046803,0.13388,0.00143943,0.000904455
0.000462326,0.13388,0.00153165,0.000737603
0.00045347,0.13388,0.0016046,0.000561475
0.000441103,0.13388,0.00165738,0.000378286
0.000426622,0.13388,0.00168931,0.00019034
0.000419222,0.13388,0.0017,-3.77476e-19
0.00041639,0.13388,-0.0017,3.77476e-19
0.00042384,0.13388,-0.00168931,0.00019034
0.000438432,0.13388,-0.00165738,0.000378286
0.000450931,0.13388,-0.0016046,0.000561475
0.000459933,0.13388,-0.00153165,0.000737603
0.000465799,0.13388,-0.00143943,0.000904455
0.000469094,0.13388,-0.00132911,0.00105993
0.000470208,0.13388,-0.00120208,0.00120208
0.000469272,0.13388,-0.00105993,0.00132911
0.000466155,0.13388,-0.000904455,0.00143943
0.000460471,0.13388,-0.000737603,0.00153165
0.000451658,0.13388,-0.000561475,0.0016046
0.000439354,0.13388,-0.000378286,0.00165738
0.000424956,0.13388,-0.00019034,0.00168931
0.000417686,0.13388,-3.01049e-17,-0.0017
0.000424956,0.13388,-0.00019034,-0.00168931
0.000439354,0.13388,-0.000378286,-0.00165738
0.000451658,0.13388,-0.000561475,-0.0016046
0.000460471,0.13388,-0.000737603,-0.00153165
0.000466155,0.13388,-0.000904455,-0.00143943
0.000469272,0.13388,-0.00105993,-0.00132911
0.000470208,0.13388,-0.00120208,-0.00120208
0.000469094,0.13388,-0.00132911,-0.00105993
0.000465799,0.13388,-0.00143943,-0.000904455
0.000459932,0.13388,-0.00153165,-0.000737603
0.00045093,0.13388,-0.0016046,-0.000561475
0.000438432,0.13388,-0.00165738,-0.000378286
0.00042384,0.13388,-0.00168931,-0.00019034
0.000426622,0.13388,0.00168931,-0.00019034
0.000441103,0.13388,0.00165738,-0.000378286
0.00045347,0.13388,0.0016046,-0.000561475
0.000462326,0.13388,0.00153165,-0.000737603
0.00046803,0.13388,0.00143943,-0.000904455
0.000471147,0.13388,0.00132911,-0.00105993
0.000472064,0.13388,0.00120208,-0.00120208
0.000470914,0.13388,0.00105993,-0.00132911
0.000467565,0.13388,0.000904455,-0.00143943
0.000461632,0.13388,0.000737603,-0.00153165
0.000452553,0.13388,0.000561475,-0.0016046
0.000439968,0.13388,0.000378286,-0.00165738
0.000425275,0.13388,0.00019034,-0.00168931
0.000417585,0.134222,-2.94257e-17,0.0017
0.000425157,0.134222,0.00019034,0.00168931
0.000439834,0.134222,0.000378286,0.00165738
0.000452404,0.134222,0.000561475,0.0016046
0.000461467,0.134222,0.000737603,0.00153165
0.000467384,0.134222,0.000904455,0.00143943
0.000470719,0.134222,0.00105993,0.00132911
0.000471857,0.134222,0.00120208,0.00120208
0.000470929,0.134222,0.00132911,0.00105993
0.000467803,0.134222,0.00143943,0.000904455
0.00046209,0.134222,0.00153165,0.000737603
0.000453228,0.134222,0.0016046,0.000561475
0.000440858,0.134222,0.00165738,0.000378286
0.000426377,0.134222,0.00168931,0.00019034
0.000418976,0.134222,0.0017,-3.77476e-19
0.00041641,0.134222,-0.0017,3.77476e-19
0.000423857,0.134222,-0.00168931,0.00019034
0.000438444,0.134222,-0.00165738,0.000378286
0.000450937,0.134222,-0.0016046,0.000561475
0.000459933,0.134222,-0.00153165,0.000737603
0.000465792,0.134222,-0.00143943,0.000904455
0.000469081,0.134222,-0.00132911,0.00105993
0.000470186,0.134222,-0.00120208,0.00120208
0.000469241,0.134222,-0.00105993,0.00132911
0.000466114,0.134222,-0.000904455,0.00143943
0.00046042,0.134222,-0.000737603,0.00153165
0.000451595,0.134222,-0.000561475,0.0016046
0.000439279,0.134222,-0.000378286,0.00165738
0.000424869,0.134222,-0.00019034,0.00168931
0.000417585,0.134222,-3.01807e-17,-0.0017
0.00042487,0.134222,-0.00019034,-0.00168931
0.000439279,0.134222,-0.000378286,-0.00165738
0.000451595,0.134222,-0.000561475,-0.0016046
0.000460421,0.134222,-0.000737603,-0.00153165
0.000466114,0.134222,-0.000904455,-0.00143943
0.000469241,0.134222,-0.00105993,-0.00132911
0.000470186,0.134222,-0.00120208,-0.00120208
0.000469081,0.134222,-0.00132911,-0.00105993
0.000465792,0.134222,-0.00143943,-0.000904455
0.000459932,0.134222,-0.00153165,-0.000737603
0.000450936,0.134222,-0.0016046,-0.000561475
0.000438444,0.134222,-0.00165738,-0.000378286
0.000423857,0.134222,-0.00168931,-0.00019034
0.000426377,0.134222,0.00168931,-0.00019034
0.000440859,0.134222,0.00165738,-0.000378286
0.000453229,0.134222,0.0016046,-0.000561475
0.00046209,0.134222,0.00153165,-0.000737603
0.000467803,0.134222,0.00143943,-0.000904455
0.000470929,0.134222,0.00132911,-0.00105993
0.000471857,0.134222,0.00120208,-0.00120208
0.000470719,0.134222,0.00105993,-0.00132911
0.000467384,0.134222,0.000904455,-0.00143943
0.000461467,0.134222,0.000737603,-0.00153165
0.000452404,0.134222,0.000561475,-0.0016046
0.000439835,0.134222,0.000378286,-0.00165738
0.000425158,0.134222,0.00019034,-0.00168931
0.000417488,0.134563,-2.95016e-17,0.0017
0.000425044,0.134563,0.00019034,0.00168931
0.000439704,0.134563,0.000378286,0.00165738
0.000452257,0.134563,0.000561475,0.0016046
0.000461305,0.134563,0.000737603,0.00153165
0.000467208,0.134563,0.000904455,0.00143943
0.000470529,0.134563,0.00105993,0.00132911
0.000471655,0.134563,0.00120208,0.00120208
0.000470716,0.134563,0.00132911,0.00105993
0.00046758,0.134563,0.00143943,0.000904455
0.00046186,0.134563,0.00153165,0.000737603
0.000452993,0.134563,0.0016046,0.000561475
0.00044062,0.134563,0.00165738,0.000378286
0.000426136,0.134563,0.00168931,0.00019034
0.000418735,0.134563,0.0017,-3.77476e-19
0.000416434,0.134563,-0.0017,3.77476e-19
0.000423878,0.134563,-0.00168931,0.00019034
0.00043846,0.134563,-0.00165738,0.000378286
0.000450947,0.134563,-0.0016046,0.000561475
0.000459937,0.134563,-0.00153165,0.000737603
0.00046579,0.134563,-0.00143943,0.000904455
0.000469071,0.134563,-0.00132911,0.00105993
0.000470168,0.134563,-0.00120208,0.00120208
0.000469213,0.134563,-0.00105993,0.00132911
0.000466077,0.134563,-0.000904455,0.00143943
0.000460372,0.134563,-0.000737603,0.00153165
0.000451535,0.134563,-0.000561475,0.0016046
0.000439208,0.134563,-0.000378286,0.00165738
0.000424786,0.134563,-0.00019034,0.00168931
0.000417488,0.134563,-3.02565e-17,-0.0017
0.000424787,0.134563,-0.00019034,-0.00168931
0.000439208,0.134563,-0.000378286,-0.00165738
0.000451535,0.134563,-0.000561475,-0.0016046
0.000460373,0.134563,-0.000737603,-0.00153165
0.000466078,0.134563,-0.000904455,-0.00143943
0.000469213,0.134563,-0.00105993,-0.00132911
0.000470168,0.134563,-0.00120208,-0.00120208
0.000469071,0.134563,-0.00132911,-0.00105993
0.00046579,0.134563,-0.00143943,-0.000904455
0.000459937,0.134563,-0.00153165,-0.000737603
0.000450947,0.134563,-0.0016046,-0.000561475
0.000438459,0.134563,-0.00165738,-0.000378286
0.000423878,0.134563,-0.00168931,-0.00019034
0.000426136,0.134563,0.00168931,-0.00019034
0.00044062,0.134563,0.00165738,-0.000378286
0.000452994,0.134563,0.0016046,-0.000561475
0.00046186,0.134563,0.00153165,-0.000737603
0.00046758,0.134563,0.00143943,-0.000904455
0.000470717,0.134563,0.00132911,-0.00105993
0.000471655,0.134563,0.00120208,-0.00120208
0.000470529,0.134563,0.00105993,-0.00132911
0.000467208,0.134563,0.000904455,-0.00143943
0.000461305,0.134563,0.000737603,-0.00153165
0.000452257,0.134563,0.000561475,-0.0016046
0.000439705,0.134563,0.000378286,-0.00165738
0.000425044,0.134563,0.00019034,-0.00168931
0.000417394,0.134905,-2.95774e-17,0.0017
0.000424935,0.134905,0.00019034,0.00168931
0.000439579,0.134905,0.000378286,0.00165738
0.000452116,0.134905,0.000561475,0.0016046
0.000461148,0.134905,0.000737603,0.00153165
0.000467037,0.134905,0.000904455,0.00143943
0.000470345,0.134905,0.00105993,0.00132911
0.000471459,0.134905,0.00120208,0.00120208
0.000470509,0.134905,0.00132911,0.00105993
0.000467363,0.134905,0.00143943,0.000904455
0.000461636,0.134905,0.00153165,0.000737603
0.000452765,0.134905,0.0016046,0.000561475
0.000440388,0.134905,0.00165738,0.000378286
0.000425902,0.134905,0.00168931,0.00019034
0.0004185,0.134905,0.0017,-3.77476e-19
0.000416459,0.134905,-0.0017,3.77476e-19
0.000423901,0.134905,-0.00168931,0.00019034
0.000438478,0.134905,-0.00165738,0.000378286
0.000450961,0.134905,-0.0016046,0.000561475
0.000459945,0.134905,-0.00153165,0.000737603
0.000465791,0.134905,-0.00143943,0.000904455
0.000469064,0.134905,-0.00132911,0.00105993
0.000470152,0.134905,-0.00120208,0.00120208
0.000469189,0.134905,-0.00105993,0.00132911
0.000466043,0.134905,-0.000904455,0.00143943
0.000460327,0.134905,-0.000737603,0.00153165
0.000451479,0.134905,-0.000561475,0.0016046
0.00043914,0.134905,-0.000378286,0.00165738
0.000424707,0.134905,-0.00019034,0.00168931
0.000417394,0.134905,-3.03323e-17,-0.0017
0.000424707,0.134905,-0.00019034,-0.00168931
0.00043914,0.134905,-0.000378286,-0.00165738
0.000451479,0.134905,-0.000561475,-0.0016046
0.000460327,0.134905,-0.000737603,-0.00153165
0.000466043,0.134905,-0.000904455,-0.00143943
0.000469189,0.134905,-0.00105993,-0.00132911
0.000470152,0.134905,-0.00120208,-0.00120208
0.000469064,0.134905,-0.00132911,-0.00105993
0.000465791,0.134905,-0.00143943,-0.000904455
0.000459945,0.134905,-0.00153165,-0.000737603
0.000450961,0.134905,-0.0016046,-0.000561475
0.000438478,0.134905,-0.00165738,-0.000378286
0.000423901,0.134905,-0.00168931,-0.00019034
0.000425902,0.134905,0.00168931,-0.00019034
0.000440388,0.134905,0.00165738,-0.000378286
0.000452765,0.134905,0.0016046,-0.000561475
0.000461636,0.134905,0.00153165,-0.000737603
0.000467364,0.134905,0.00143943,-0.000904455
0.00047051,0.134905,0.00132911,-0.00105993
0.000471459,0.134905,0.00120208,-0.00120208
0.000470345,0.134905,0.00105993,-0.00132911
0.000467037,0.134905,0.000904455,-0.00143943
0.000461148,0.134905,0.000737603,-0.00153165
0.000452116,0.134905,0.000561475,-0.0016046
0.000439579,0.134905,0.000378286,-0.00165738
0.000424935,0.134905,0.00019034,-0.00168931
0.000417304,0.135246,-2.96532e-17,0.0017
0.00042483,0.135246,0.00019034,0.00168931
0.000439458,0.135246,0.000378286,0.00165738
0.000451979,0.135246,0.000561475,0.0016046
0.000460997,0.135246,0.000737603,0.00153165
0.000466872,0.135246,0.000904455,0.00143943
0.000470168,0.135246,0.00105993,0.00132911
0.00047127,0.135246,0.00120208,0.00120208
0.000470309,0.135246,0.00132911,0.00105993
0.000467155,0.135246,0.00143943,0.000904455
0.000461421,0.135246,0.00153165,0.000737603
0.000452543,0.135246,0.0016046,0.000561475
0.000440163,0.135246,0.00165738,0.000378286
0.000425676,0.135246,0.00168931,0.00019034
0.000418275,0.135246,0.0017,-3.77476e-19
0.000416485,0.135246,-0.0017,3.77476e-19
0.000423927,0.135246,-0.00168931,0.00019034
0.0004385,0.135246,-0.00165738,0.000378286
0.000450976,0.135246,-0.0016046,0.000561475
0.000459955,0.135246,-0.00153165,0.000737603
0.000465794,0.135246,-0.00143943,0.000904455
0.000469059,0.135246,-0.00132911,0.00105993
0.00047014,0.135246,-0.00120208,0.00120208
0.000469167,0.135246,-0.00105993,0.00132911
0.000466011,0.135246,-0.000904455,0.00143943
0.000460285,0.135246,-0.000737603,0.00153165
0.000451425,0.135246,-0.000561475,0.0016046
0.000439075,0.135246,-0.000378286,0.00165738
0.00042463,0.135246,-0.00019034,0.00168931
0.000417304,0.135246,-3.04081e-17,-0.0017
0.00042463,0.135246,-0.00019034,-0.00168931
0.000439075,0.135246,-0.000378286,-0.00165738
0.000451425,0.135246,-0.000561475,-0.0016046
0.000460285,0.135246,-0.000737603,-0.00153165
0.000466011,0.135246,-0.000904455,-0.00143943
0.000469167,0.135246,-0.00105993,-0.00132911
0.00047014,0.135246,-0.00120208,-0.00120208
0.000469059,0.135246,-0.00132911,-0.00105993
0.000465794,0.135246,-0.00143943,-0.000904455
0.000459955,0.135246,-0.00153165,-0.000737603
0.000450976,0.135246,-0.0016046,-0.000561475
0.0004385,0.135246,-0.00165738,-0.000378286
0.000423927,0.135246,-0.00168931,-0.00019034
0.000425676,0.135246,0.00168931,-0.00019034
0.000440163,0.135246,0.00165738,-0.000378286
0.000452543,0.135246,0.0016046,-0.000561475
0.000461421,0.135246,0.00153165,-0.000737603
0.000467155,0.135246,0.00143943,-0.000904455
0.000470309,0.135246,0.00132911,-0.00105993
0.00047127,0.135246,0.00120208,-0.00120208
0.000470168,0.135246,0.00105993,-0.00132911
0.000466872,0.135246,0.000904455,-0.00143943
0.000460997,0.135246,0.000737603,-0.00153165
0.000451979,0.135246,0.000561475,-0.0016046
0.000439458,0.135246,0.000378286,-0.00165738
0.00042483,0.135246,0.00019034,-0.00168931
0.000417218,0.135587,-2.9729e-17,0.0017
0.000424729,0.135587,0.00019034,0.00168931
0.000439341,0.135587,0.000378286,0.00165738
0.000451848,0.135587,0.000561475,0.0016046
0.000460852,0.135587,0.000737603,0.00153165
0.000466713,0.135587,0.000904455,0.00143943
0.000469997,0.135587,0.00105993,0.00132911
0.000471088,0.135587,0.00120208,0.00120208
0.000470117,0.135587,0.00132911,0.00105993
0.000466954,0.135587,0.00143943,0.000904455
0.000461213,0.135587,0.00153165,0.000737603
0.000452331,0.135587,0.0016046,0.000561475
0.000439947,0.135587,0.00165738,0.000378286
0.000425459,0.135587,0.00168931,0.00019034
0.000418056,0.135587,0.0017,-3.77476e-19
0.000416513,0.135587,-0.0017,3.77476e-19
0.000423952,0.135587,-0.00168931,0.00019034
0.000438521,0.135587,-0.00165738,0.000378286
0.000450992,0.135587,-0.0016046,0.000561475
0.000459964,0.135587,-0.00153165,0.000737603
0.000465798,0.135587,-0.00143943,0.000904455
0.000469056,0.135587,-0.00132911,0.00105993
0.000470128,0.135587,-0.00120208,0.00120208
0.000469146,0.135587,-0.00105993,0.00132911
0.000465981,0.135587,-0.000904455,0.00143943
0.000460244,0.135587,-0.000737603,0.00153165
0.000451374,0.135587,-0.000561475,0.0016046
0.000439012,0.135587,-0.000378286,0.00165738
0.000424555,0.135587,-0.00019034,0.00168931
0.000417218,0.135587,-3.04839e-17,-0.0017
0.000424555,0.135587,-0.00019034,-0.00168931
0.000439012,0.135587,-0.000378286,-0.00165738
0.000451374,0.135587,-0.000561475,-0.0016046
0.000460244,0.135587,-0.000737603,-0.00153165
0.000465981,0.135587,-0.000904455,-0.00143943
0.000469146,0.135587,-0.00105993,-0.00132911
0.000470128,0.135587,-0.00120208,-0.00120208
0.000469056,0.135587,-0.00132911,-0.00105993
0.000465798,0.135587,-0.00143943,-0.000904455
0.000459964,0.135587,-0.00153165,-0.000737603
0.000450992,0.135587,-0.0016046,-0.000561475
0.000438521,0.135587,-0.00165738,-0.000378286
0.000423952,0.135587,-0.00168931,-0.00019034
0.000425459,0.135587,0.00168931,-0.00019034
0.000439947,0.135587,0.00165738,-0.000378286
0.000452331,0.135587,0.0016046,-0.000561475
0.000461213,0.135587,0.00153165,-0.000737603
0.000466954,0.135587,0.00143943,-0.000904455
0.000470117,0.135587,0.00132911,-0.00105993
0.000471088,0.135587,0.00120208,-0.00120208
0.000469997,0.135587,0.00105993,-0.00132911
0.000466713,0.135587,0.000904455,-0.00143943
0.000460852,0.135587,0.000737603,-0.00153165
0.000451848,0.135587,0.000561475,-0.0016046
0.000439341,0.135587,0.000378286,-0.00165738
0.000424729,0.135587,0.00019034,-0.00168931
0.000417134,0.135929,-2.98048e-17,0.0017
0.000424631,0.135929,0.00019034,0.00168931
0.000439229,0.135929,0.000378286,0.00165738
0.000451722,0.135929,0.000561475,0.0016046
0.000460712,0.135929,0.000737603,0.00153165
0.000466561,0.135929,0.000904455,0.00143943
0.000469833,0.135929,0.00105993,0.00132911
0.000470912,0.135929,0.00120208,0.00120208
0.000469933,0.135929,0.00132911,0.00105993
0.000466762,0.135929,0.00143943,0.000904455
0.000461014,0.135929,0.00153165,0.000737603
0.000452127,0.135929,0.0016046,0.000561475
0.00043974,0.135929,0.00165738,0.000378286
0.00042525,0.135929,0.00168931,0.00019034
0.000417848,0.135929,0.0017,-3.77476e-19
0.000416539,0.135929,-0.0017,3.77476e-19
0.000423976,0.135929,-0.00168931,0.00019034
0.000438541,0.135929,-0.00165738,0.000378286
0.000451007,0.135929,-0.0016046,0.000561475
0.000459974,0.135929,-0.00153165,0.000737603
0.0004658,0.135929,-0.00143943,0.000904455
0.000469052,0.135929,-0.00132911,0.00105993
0.000470116,0.135929,-0.00120208,0.00120208
0.000469126,0.135929,-0.00105993,0.00132911
0.000465951,0.135929,-0.000904455,0.00143943
0.000460204,0.135929,-0.000737603,0.00153165
0.000451324,0.135929,-0.000561475,0.0016046
0.000438952,0.135929,-0.000378286,0.00165738
0.000424484,0.135929,-0.00019034,0.00168931
0.000417134,0.135929,-3.05597e-17,-0.0017
0.000424484,0.135929,-0.00019034,-0.00168931
0.000438952,0.135929,-0.000378286,-0.00165738
0.000451324,0.135929,-0.000561475,-0.0016046
0.000460204,0.135929,-0.000737603,-0.00153165
0.000465951,0.135929,-0.000904455,-0.00143943
0.000469126,0.135929,-0.00105993,-0.00132911
0.000470116,0.135929,-0.00120208,-0.00120208
0.000469052,0.135929,-0.00132911,-0.00105993
0.0004658,0.135929,-0.00143943,-0.000904455
0.000459974,0.135929,-0.00153165,-0.000737603
0.000451007,0.135929,-0.0016046,-0.000561475
0.000438541,0.135929,-0.00165738,-0.000378286
0.000423976,0.135929,-0.00168931,-0.00019034
0.00042525,0.135929,0.00168931,-0.00019034
0.00043974,0.135929,0.00165738,-0.000378286
0.000452127,0.135929,0.0016046,-0.000561475
0.000461013,0.135929,0.00153165,-0.000737603
0.000466761,0.135929,0.00143943,-0.000904455
0.000469933,0.135929,0.00132911,-0.00105993
0.000470912,0.135929,0.00120208,-0.00120208
0.000469832,0.135929,0.00105993,-0.00132911
0.000466561,0.135929,0.000904455,-0.00143943
0.000460712,0.135929,0.000737603,-0.00153165
0.000451722,0.135929,0.000561475,-0.0016046
0.000439229,0.135929,0.000378286,-0.00165738
0.000424631,0.135929,0.00019034,-0.00168931
0.000417054,0.13627,-2.98806e-17,0.0017
0.000424538,0.13627,0.00019034,0.00168931
0.000439122,0.13627,0.000378286,0.00165738
0.000451601,0.13627,0.000561475,0.0016046
0.000460579,0.13627,0.000737603,0.00153165
0.000466416,0.13627,0.000904455,0.00143943
0.000469676,0.13627,0.00105993,0.00132911
0.000470746,0.13627,0.00120208,0.00120208
0.000469757,0.13627,0.00132911,0.00105993
0.000466579,0.13627,0.00143943,0.000904455
0.000460825,0.13627,0.00153165,0.000737603
0.000451932,0.13627,0.0016046,0.000561475
0.000439543,0.13627,0.00165738,0.000378286
0.000425053,0.13627,0.00168931,0.00019034
0.00041765,0.13627,0.0017,-3.77476e-19
0.000416563,0.13627,-0.0017,3.77476e-19
0.000423998,0.13627,-0.00168931,0.00019034
0.000438558,0.13627,-0.00165738,0.000378286
0.000451019,0.13627,-0.0016046,0.000561475
0.00045998,0.13627,-0.00153165,0.000737603
0.000465801,0.13627,-0.00143943,0.000904455
0.000469046,0.13627,-0.00132911,0.00105993
0.000470104,0.13627,-0.00120208,0.00120208
0.000469106,0.13627,-0.00105993,0.00132911
0.000465922,0.13627,-0.000904455,0.00143943
0.000460166,0.13627,-0.000737603,0.00153165
0.000451276,0.13627,-0.000561475,0.0016046
0.000438893,0.13627,-0.000378286,0.00165738
0.000424415,0.13627,-0.00019034,0.00168931
0.000417053,0.13627,-3.06356e-17,-0.0017
0.000424415,0.13627,-0.00019034,-0.00168931
0.000438893,0.13627,-0.000378286,-0.00165738
0.000451276,0.13627,-0.000561475,-0.0016046
0.000460166,0.13627,-0.000737603,-0.00153165
0.000465922,0.13627,-0.000904455,-0.00143943
0.000469106,0.13627,-0.00105993,-0.00132911
0.000470104,0.13627,-0.00120208,-0.00120208
0.000469046,0.13627,-0.00132911,-0.00105993
0.000465801,0.13627,-0.00143943,-0.000904455
0.00045998,0.13627,-0.00153165,-0.000737603
0.000451019,0.13627,-0.0016046,-0.000561475
0.000438558,0.13627,-0.00165738,-0.000378286
0.000423998,0.13627,-0.00168931,-0.00019034
0.000425053,0.13627,0.00168931,-0.00019034
0.000439543,0.13627,0.00165738,-0.000378286
0.000451932,0.13627,0.0016046,-0.000561475
0.000460824,0.13627,0.00153165,-0.000737603
0.000466578,0.13627,0.00143943,-0.000904455
0.000469757,0.13627,0.00132911,-0.00105993
0.000470746,0.13627,0.00120208,-0.00120208
0.000469676,0.13627,0.00105993,-0.00132911
0.000466416,0.13627,0.000904455,-0.00143943
0.000460579,0.13627,0.000737603,-0.00153165
0.000451601,0.13627,0.000561475,-0.0016046
0.000439122,0.13627,0.000378286,-0.00165738
0.000424537,0.13627,0.00019034,-0.00168931
0.000416977,0.136612,-2.99564e-17,0.0017
0.000424449,0.136612,0.00019034,0.00168931
0.00043902,0.136612,0.000378286,0.00165738
0.000451486,0.136612,0.000561475,0.0016046
0.000460452,0.136612,0.000737603,0.00153165
0.000466277,0.136612,0.000904455,0.00143943
0.000469527,0.136612,0.00105993,0.00132911
0.000470588,0.136612,0.00120208,0.00120208
0.000469591,0.136612,0.00132911,0.00105993
0.000466406,0.136612,0.00143943,0.000904455
0.000460645,0.136612,0.00153165,0.000737603
0.000451748,0.136612,0.0016046,0.000561475
0.000439357,0.136612,0.00165738,0.000378286
0.000424865,0.136612,0.00168931,0.00019034
0.000417462,0.136612,0.0017,-3.77476e-19
0.000416582,0.136612,-0.0017,3.77476e-19
0.000424015,0.136612,-0.00168931,0.00019034
0.000438571,0.136612,-0.00165738,0.000378286
0.000451028,0.136612,-0.0016046,0.000561475
0.000459984,0.136612,-0.00153165,0.000737603
0.0004658,0.136612,-0.00143943,0.000904455
0.000469038,0.136612,-0.00132911,0.00105993
0.000470089,0.136612,-0.00120208,0.00120208
0.000469084,0.136612,-0.00105993,0.00132911
0.000465892,0.136612,-0.000904455,0.00143943
0.000460127,0.136612,-0.000737603,0.00153165
0.000451228,0.136612,-0.000561475,0.0016046
0.000438836,0.136612,-0.000378286,0.00165738
0.000424348,0.136612,-0.00019034,0.00168931
0.000416976,0.136612,-3.07114e-17,-0.0017
0.000424348,0.136612,-0.00019034,-0.00168931
0.000438836,0.136612,-0.000378286,-0.00165738
0.000451228,0.136612,-0.000561475,-0.0016046
0.000460127,0.136612,-0.000737603,-0.00153165
0.000465892,0.136612,-0.000904455,-0.00143943
0.000469084,0.136612,-0.00105993,-0.00132911
0.000470089,0.136612,-0.00120208,-0.00120208
0.000469038,0.136612,-0.00132911,-0.00105993
0.0004658,0.136612,-0.00143943,-0.000904455
0.000459984,0.136612,-0.00153165,-0.000737603
0.000451029,0.136612,-0.0016046,-0.000561475
0.000438571,0.136612,-0.00165738,-0.000378286
0.000424015,0.136612,-0.00168931,-0.00019034
0.000424865,0.136612,0.00168931,-0.00019034
0.000439357,0.136612,0.00165738,-0.000378286
0.000451748,0.136612,0.0016046,-0.000561475
0.000460645,0.136612,0.00153165,-0.000737603
0.000466405,0.136612,0.00143943,-0.000904455
0.000469591,0.136612,0.00132911,-0.00105993
0.000470588,0.136612,0.00120208,-0.00120208
0.000469527,0.136612,0.00105993,-0.00132911
0.000466277,0.136612,0.000904455,-0.00143943
0.000460452,0.136612,0.000737603,-0.00153165
0.000451485,0.136612,0.000561475,-0.0016046
0.000439019,0.136612,0.000378286,-0.00165738
0.000424448,0.136612,0.00019034,-0.00168931
0.000416902,0.136953,-3.00322e-17,0.0017
0.000424362,0.136953,0.00019034,0.00168931
0.000438922,0.136953,0.000378286,0.00165738
0.000451377,0.136953,0.000561475,0.0016046
0.000460331,0.136953,0.000737603,0.00153165
0.000466147,0.136953,0.000904455,0.00143943
0.000469387,0.136953,0.00105993,0.00132911
0.000470439,0.136953,0.00120208,0.00120208
0.000469435,0.136953,0.00132911,0.00105993
0.000466242,0.136953,0.00143943,0.000904455
0.000460477,0.136953,0.00153165,0.000737603
0.000451576,0.136953,0.0016046,0.000561475
0.000439182,0.136953,0.00165738,0.000378286
0.000424689,0.136953,0.00168931,0.00019034
0.000417285,0.136953,0.0017,-3.77476e-19
0.000416596,0.136953,-0.0017,3.77476e-19
0.000424028,0.136953,-0.00168931,0.00019034
0.00043858,0.136953,-0.00165738,0.000378286
0.000451033,0.136953,-0.0016046,0.000561475
0.000459985,0.136953,-0.00153165,0.000737603
0.000465795,0.136953,-0.00143943,0.000904455
0.000469028,0.136953,-0.00132911,0.00105993
0.000470072,0.136953,-0.00120208,0.00120208
0.00046906,0.136953,-0.00105993,0.00132911
0.00046586,0.136953,-0.000904455,0.00143943
0.000460089,0.136953,-0.000737603,0.00153165
0.000451181,0.136953,-0.000561475,0.0016046
0.00043878,0.136953,-0.000378286,0.00165738
0.000424283,0.136953,-0.00019034,0.00168931
0.000416902,0.136953,-3.07872e-17,-0.0017
0.000424283,0.136953,-0.00019034,-0.00168931
0.00043878,0.136953,-0.000378286,-0.00165738
0.000451181,0.136953,-0.000561475,-0.0016046
0.000460089,0.136953,-0.000737603,-0.00153165
0.00046586,0.136953,-0.000904455,-0.00143943
0.00046906,0.136953,-0.00105993,-0.00132911
0.000470072,0.136953,-0.00120208,-0.00120208
0.000469028,0.136953,-0.00132911,-0.00105993
0.000465795,0.136953,-0.00143943,-0.000904455
0.000459985,0.136953,-0.00153165,-0.000737603
0.000451033,0.136953,-0.0016046,-0.000561475
0.00043858,0.136953,-0.00165738,-0.000378286
0.000424028,0.136953,-0.00168931,-0.00019034
0.000424689,0.136953,0.00168931,-0.00019034
0.000439182,0.136953,0.00165738,-0.000378286
0.000451576,0.136953,0.0016046,-0.000561475
0.000460477,0.136953,0.00153165,-0.000737603
0.000466242,0.136953,0.00143943,-0.000904455
0.000469435,0.136953,0.00132911,-0.00105993
0.000470439,0.136953,0.00120208,-0.00120208
0.000469387,0.136953,0.00105993,-0.00132911
0.000466147,0.136953,0.000904455,-0.00143943
0.000460331,0.136953,0.000737603,-0.00153165
0.000451376,0.136953,0.000561475,-0.0016046
0.000438921,0.136953,0.000378286,-0.00165738
0.000424362,0.136953,0.00019034,-0.00168931
0.000416831,0.137295,-3.0108e-17,0.0017
0.000424281,0.137295,0.00019034,0.00168931
0.000438829,0.137295,0.000378286,0.00165738
0.000451273,0.137295,0.000561475,0.0016046
0.000460218,0.137295,0.000737603,0.00153165
0.000466024,0.137295,0.000904455,0.00143943
0.000469255,0.137295,0.00105993,0.00132911
0.0004703,0.137295,0.00120208,0.00120208
0.000469289,0.137295,0.00132911,0.00105993
0.000466091,0.137295,0.00143943,0.000904455
0.000460321,0.137295,0.00153165,0.000737603
0.000451417,0.137295,0.0016046,0.000561475
0.000439019,0.137295,0.00165738,0.000378286
0.000424526,0.137295,0.00168931,0.00019034
0.000417122,0.137295,0.0017,-3.77476e-19
0.000416605,0.137295,-0.0017,3.77476e-19
0.000424035,0.137295,-0.00168931,0.00019034
0.000438584,0.137295,-0.00165738,0.000378286
0.000451033,0.137295,-0.0016046,0.000561475
0.00045998,0.137295,-0.00153165,0.000737603
0.000465786,0.137295,-0.00143943,0.000904455
0.000469015,0.137295,-0.00132911,0.00105993
0.000470053,0.137295,-0.00120208,0.00120208
0.000469034,0.137295,-0.00105993,0.00132911
0.000465828,0.137295,-0.000904455,0.00143943
0.000460049,0.137295,-0.000737603,0.00153165
0.000451133,0.137295,-0.000561475,0.0016046
0.000438725,0.137295,-0.000378286,0.00165738
0.000424221,0.137295,-0.00019034,0.00168931
0.00041683,0.137295,-3.0863e-17,-0.0017
0.000424221,0.137295,-0.00019034,-0.00168931
0.000438725,0.137295,-0.000378286,-0.00165738
0.000451133,0.137295,-0.000561475,-0.0016046
0.000460049,0.137295,-0.000737603,-0.00153165
0.000465828,0.137295,-0.000904455,-0.00143943
0.000469034,0.137295,-0.00105993,-0.00132911
0.000470053,0.137295,-0.00120208,-0.00120208
0.000469015,0.137295,-0.00132911,-0.00105993
0.000465786,0.137295,-0.00143943,-0.000904455
0.00045998,0.137295,-0.00153165,-0.000737603
0.000451033,0.137295,-0.0016046,-0.000561475
0.000438584,0.137295,-0.00165738,-0.000378286
0.000424035,0.137295,-0.00168931,-0.00019034
0.000424526,0.137295,0.00168931,-0.00019034
0.000439019,0.137295,0.00165738,-0.000378286
0.000451416,0.137295,0.0016046,-0.000561475
0.000460321,0.137295,0.00153165,-0.000737603
0.000466091,0.137295,0.00143943,-0.000904455
0.000469288,0.137295,0.00132911,-0.00105993
0.000470299,0.137295,0.00120208,-0.00120208
0.000469255,0.137295,0.00105993,-0.00132911
0.000466024,0.137295,0.000904455,-0.00143943
0.000460217,0.137295,0.000737603,-0.00153165
0.000451273,0.137295,0.000561475,-0.0016046
0.000438829,0.137295,0.000378286,-0.00165738
0.00042428,0.137295,0.00019034,-0.00168931
0.000416762,0.137636,-3.01839e-17,0.0017
0.000424202,0.137636,0.00019034,0.00168931
0.000438741,0.137636,0.000378286,0.00165738
0.000451175,0.137636,0.000561475,0.0016046
0.000460111,0.137636,0.000737603,0.00153165
0.000465909,0.137636,0.000904455,0.00143943
0.000469133,0.137636,0.00105993,0.00132911
0.000470171,0.137636,0.00120208,0.00120208
0.000469154,0.137636,0.00132911,0.00105993
0.00046595,0.137636,0.00143943,0.000904455
0.000460176,0.137636,0.00153165,0.000737603
0.000451268,0.137636,0.0016046,0.000561475
0.000438869,0.137636,0.00165738,0.000378286
0.000424374,0.137636,0.00168931,0.00019034
0.000416971,0.137636,0.0017,-3.77476e-19
0.000416608,0.137636,-0.0017,3.77476e-19
0.000424037,0.137636,-0.00168931,0.00019034
0.000438583,0.137636,-0.00165738,0.000378286
0.000451028,0.137636,-0.0016046,0.000561475
0.000459971,0.137636,-0.00153165,0.000737603
0.000465772,0.137636,-0.00143943,0.000904455
0.000468996,0.137636,-0.00132911,0.00105993
0.000470029,0.137636,-0.00120208,0.00120208
0.000469005,0.137636,-0.00105993,0.00132911
0.000465793,0.137636,-0.000904455,0.00143943
0.000460008,0.137636,-0.000737603,0.00153165
0.000451086,0.137636,-0.000561475,0.0016046
0.000438671,0.137636,-0.000378286,0.00165738
0.000424159,0.137636,-0.00019034,0.00168931
0.000416761,0.137636,-3.09388e-17,-0.0017
0.000424159,0.137636,-0.00019034,-0.00168931
0.000438671,0.137636,-0.000378286,-0.00165738
0.000451086,0.137636,-0.000561475,-0.0016046
0.000460008,0.137636,-0.000737603,-0.00153165
0.000465793,0.137636,-0.000904455,-0.00143943
0.000469006,0.137636,-0.00105993,-0.00132911
0.00047003,0.137636,-0.00120208,-0.00120208
0.000468996,0.137636,-0.00132911,-0.00105993
0.000465772,0.137636,-0.00143943,-0.000904455
0.000459971,0.137636,-0.00153165,-0.000737603
0.000451028,0.137636,-0.0016046,-0.000561475
0.000438583,0.137636,-0.00165738,-0.000378286
0.000424037,0.137636,-0.00168931,-0.00019034
0.000424374,0.137636,0.00168931,-0.00019034
0.000438869,0.137636,0.00165738,-0.000378286
0.000451268,0.137636,0.0016046,-0.000561475
0.000460176,0.137636,0.00153165,-0.000737603
0.00046595,0.137636,0.00143943,-0.000904455
0.000469152,0.137636,0.00132911,-0.00105993
0.00047017,0.137636,0.00120208,-0.00120208
0.000469133,0.137636,0.00105993,-0.00132911
0.000465908,0.137636,0.000904455,-0.00143943
0.00046011,0.137636,0.000737603,-0.00153165
0.000451175,0.137636,0.000561475,-0.0016046
0.00043874,0.137636,0.000378286,-0.00165738
0.000424201,0.137636,0.00019034,-0.00168931
0.000416695,0.137977,-3.02597e-17,0.0017
0.000424128,0.137977,0.00019034,0.00168931
0.000438657,0.137977,0.000378286,0.00165738
0.000451083,0.137977,0.000561475,0.0016046
0.000460012,0.137977,0.000737603,0.00153165
0.000465802,0.137977,0.000904455,0.00143943
0.000469019,0.137977,0.00105993,0.00132911
0.000470051,0.137977,0.00120208,0.00120208
0.000469028,0.137977,0.00132911,0.00105993
0.00046582,0.137977,0.00143943,0.000904455
0.000460042,0.137977,0.00153165,0.000737603
0.000451132,0.137977,0.0016046,0.000561475
0.000438731,0.137977,0.00165738,0.000378286
0.000424235,0.137977,0.00168931,0.00019034
0.000416832,0.137977,0.0017,-3.77476e-19
0.000416604,0.137977,-0.0017,3.77476e-19
0.000424032,0.137977,-0.00168931,0.00019034
0.000438576,0.137977,-0.00165738,0.000378286
0.000451017,0.137977,-0.0016046,0.000561475
0.000459956,0.137977,-0.00153165,0.000737603
0.000465753,0.137977,-0.00143943,0.000904455
0.000468973,0.137977,-0.00132911,0.00105993
0.000470002,0.137977,-0.00120208,0.00120208
0.000468974,0.137977,-0.00105993,0.00132911
0.000465757,0.137977,-0.000904455,0.00143943
0.000459966,0.137977,-0.000737603,0.00153165
0.000451039,0.137977,-0.000561475,0.0016046
0.000438617,0.137977,-0.000378286,0.00165738
0.000424099,0.137977,-0.00019034,0.00168931
0.000416695,0.137977,-3.10146e-17,-0.0017
0.000424099,0.137977,-0.00019034,-0.00168931
0.000438617,0.137977,-0.000378286,-0.00165738
0.000451039,0.137977,-0.000561475,-0.0016046
0.000459966,0.137977,-0.000737603,-0.00153165
0.000465757,0.137977,-0.000904455,-0.00143943
0.000468974,0.137977,-0.00105993,-0.00132911
0.000470003,0.137977,-0.00120208,-0.00120208
0.000468973,0.137977,-0.00132911,-0.00105993
0.000465753,0.137977,-0.00143943,-0.000904455
0.000459956,0.137977,-0.00153165,-0.000737603
0.000451017,0.137977,-0.0016046,-0.000561475
0.000438576,0.137977,-0.00165738,-0.000378286
0.000424032,0.137977,-0.00168931,-0.00019034
0.000424235,0.137977,0.00168931,-0.00019034
0.000438731,0.137977,0.00165738,-0.000378286
0.000451132,0.137977,0.0016046,-0.000561475
0.000460042,0.137977,0.00153165,-0.000737603
0.000465819,0.137977,0.00143943,-0.000904455
0.000469026,0.137977,0.00132911,-0.00105993
0.00047005,0.137977,0.00120208,-0.00120208
0.000469019,0.137977,0.00105993,-0.00132911
0.000465801,0.137977,0.000904455,-0.00143943
0.000460011,0.137977,0.000737603,-0.00153165
0.000451082,0.137977,0.000561475,-0.0016046
0.000438656,0.137977,0.000378286,-0.00165738
0.000424127,0.137977,0.00019034,-0.00168931
0.000416631,0.138319,-3.03355e-17,0.0017
0.000424057,0.138319,0.00019034,0.00168931
0.000438579,0.138319,0.000378286,0.00165738
0.000450998,0.138319,0.000561475,0.0016046
0.000459918,0.138319,0.000737603,0.00153165
0.000465702,0.138319,0.000904455,0.00143943
0.000468914,0.138319,0.00105993,0.00132911
0.00046994,0.138319,0.00120208,0.00120208
0.000468913,0.138319,0.00132911,0.00105993
0.000465701,0.138319,0.00143943,0.000904455
0.000459919,0.138319,0.00153165,0.000737603
0.000451007,0.138319,0.0016046,0.000561475
0.000438605,0.138319,0.00165738,0.000378286
0.000424109,0.138319,0.00168931,0.00019034
0.000416705,0.138319,0.0017,-3.77476e-19
0.000416595,0.138319,-0.0017,3.77476e-19
0.000424022,0.138319,-0.00168931,0.00019034
0.000438562,0.138319,-0.00165738,0.000378286
0.000451001,0.138319,-0.0016046,0.000561475
0.000459937,0.138319,-0.00153165,0.000737603
0.000465731,0.138319,-0.00143943,0.000904455
0.000468948,0.138319,-0.00132911,0.00105993
0.000469973,0.138319,-0.00120208,0.00120208
0.00046894,0.138319,-0.00105993,0.00132911
0.000465718,0.138319,-0.000904455,0.00143943
0.000459923,0.138319,-0.000737603,0.00153165
0.000450991,0.138319,-0.000561475,0.0016046
0.000438564,0.138319,-0.000378286,0.00165738
0.000424041,0.138319,-0.00019034,0.00168931
0.000416631,0.138319,-3.10904e-17,-0.0017
0.000424041,0.138319,-0.00019034,-0.00168931
0.000438564,0.138319,-0.000378286,-0.00165738
0.000450991,0.138319,-0.000561475,-0.0016046
0.000459923,0.138319,-0.000737603,-0.00153165
0.000465718,0.138319,-0.000904455,-0.00143943
0.00046894,0.138319,-0.00105993,-0.00132911
0.000469973,0.138319,-0.00120208,-0.00120208
0.000468948,0.138319,-0.00132911,-0.00105993
0.000465731,0.138319,-0.00143943,-0.000904455
0.000459937,0.138319,-0.00153165,-0.000737603
0.000451001,0.138319,-0.0016046,-0.000561475
0.000438562,0.138319,-0.00165738,-0.000378286
0.000424022,0.138319,-0.00168931,-0.00019034
0.000424109,0.138319,0.00168931,-0.00019034
0.000438604,0.138319,0.00165738,-0.000378286
0.000451006,0.138319,0.0016046,-0.000561475
0.000459919,0.138319,0.00153165,-0.000737603
0.0004657,0.138319,0.00143943,-0.000904455
0.000468911,0.138319,0.00132911,-0.00105993
0.000469939,0.138319,0.00120208,-0.00120208
0.000468914,0.138319,0.00105993,-0.00132911
0.000465702,0.138319,0.000904455,-0.00143943
0.000459917,0.138319,0.000737603,-0.00153165
0.000450996,0.138319,0.000561475,-0.0016046
0.000438577,0.138319,0.000378286,-0.00165738
0.000424056,0.138319,0.00019034,-0.00168931
0.00041657,0.13866,-3.04113e-17,0.0017
0.000423989,0.13866,0.00019034,0.00168931
0.000438505,0.13866,0.000378286,0.00165738
0.000450917,0.13866,0.000561475,0.0016046
0.000459831,0.13866,0.000737603,0.00153165
0.00046561,0.13866,0.000904455,0.00143943
0.000468817,0.13866,0.00105993,0.00132911
0.000469839,0.13866,0.00120208,0.00120208
0.000468808,0.13866,0.00132911,0.00105993
0.000465593,0.13866,0.00143943,0.000904455
0.000459808,0.13866,0.00153165,0.000737603
0.000450893,0.13866,0.0016046,0.000561475
0.00043849,0.13866,0.00165738,0.000378286
0.000423994,0.13866,0.00168931,0.00019034
0.00041659,0.13866,0.0017,-3.77476e-19
0.000416581,0.13866,-0.0017,3.77476e-19
0.000424005,0.13866,-0.00168931,0.00019034
0.000438543,0.13866,-0.00165738,0.000378286
0.000450979,0.13866,-0.0016046,0.000561475
0.000459912,0.13866,-0.00153165,0.000737603
0.000465704,0.13866,-0.00143943,0.000904455
0.000468917,0.13866,-0.00132911,0.00105993
0.000469939,0.13866,-0.00120208,0.00120208
0.000468902,0.13866,-0.00105993,0.00132911
0.000465677,0.13866,-0.000904455,0.00143943
0.000459878,0.13866,-0.000737603,0.00153165
0.000450942,0.13866,-0.000561475,0.0016046
0.000438512,0.13866,-0.000378286,0.00165738
0.000423985,0.13866,-0.00019034,0.00168931
0.00041657,0.13866,-3.11662e-17,-0.0017
0.000423985,0.13866,-0.00019034,-0.00168931
0.000438512,0.13866,-0.000378286,-0.00165738
0.000450942,0.13866,-0.000561475,-0.0016046
0.000459878,0.13866,-0.000737603,-0.00153165
0.000465677,0.13866,-0.000904455,-0.00143943
0.000468902,0.13866,-0.00105993,-0.00132911
0.000469939,0.13866,-0.00120208,-0.00120208
0.000468917,0.13866,-0.00132911,-0.00105993
0.000465704,0.13866,-0.00143943,-0.000904455
0.000459912,0.13866,-0.00153165,-0.000737603
0.000450979,0.13866,-0.0016046,-0.000561475
0.000438543,0.13866,-0.00165738,-0.000378286
0.000424005,0.13866,-0.00168931,-0.00019034
0.000423993,0.13866,0.00168931,-0.00019034
0.000438489,0.13866,0.00165738,-0.000378286
0.000450893,0.13866,0.0016046,-0.000561475
0.000459807,0.13866,0.00153165,-0.000737603
0.000465592,0.13866,0.00143943,-0.000904455
0.000468806,0.13866,0.00132911,-0.00105993
0.000469837,0.13866,0.00120208,-0.00120208
0.000468817,0.13866,0.00105993,-0.00132911
0.00046561,0.13866,0.000904455,-0.00143943
0.000459831,0.13866,0.000737603,-0.00153165
0.000450916,0.13866,0.000561475,-0.0016046
0.000438503,0.13866,0.000378286,-0.00165738
0.000423989,0.13866,0.00019034,-0.00168931
0.000416511,0.139002,-3.04871e-17,0.0017
0.000423924,0.139002,0.00019034,0.00168931
0.000438434,0.139002,0.000378286,0.00165738
0.000450841,0.139002,0.000561475,0.0016046
0.000459751,0.139002,0.000737603,0.00153165
0.000465526,0.139002,0.000904455,0.00143943
0.000468728,0.139002,0.00105993,0.00132911
0.000469746,0.139002,0.00120208,0.00120208
0.000468712,0.139002,0.00132911,0.00105993
0.000465494,0.139002,0.00143943,0.000904455
0.000459707,0.139002,0.00153165,0.000737603
0.000450791,0.139002,0.0016046,0.000561475
0.000438386,0.139002,0.00165738,0.000378286
0.000423889,0.139002,0.00168931,0.00019034
0.000416486,0.139002,0.0017,-3.77476e-19
0.000416559,0.139002,-0.0017,3.77476e-19
0.000423983,0.139002,-0.00168931,0.00019034
0.000438518,0.139002,-0.00165738,0.000378286
0.000450952,0.139002,-0.0016046,0.000561475
0.000459883,0.139002,-0.00153165,0.000737603
0.000465671,0.139002,-0.00143943,0.000904455
0.000468881,0.139002,-0.00132911,0.00105993
0.000469901,0.139002,-0.00120208,0.00120208
0.000468862,0.139002,-0.00105993,0.00132911
0.000465635,0.139002,-0.000904455,0.00143943
0.000459832,0.139002,-0.000737603,0.00153165
0.000450893,0.139002,-0.000561475,0.0016046
0.00043846,0.139002,-0.000378286,0.00165738
0.00042393,0.139002,-0.00019034,0.00168931
0.00041651,0.139002,-3.1242e-17,-0.0017
0.00042393,0.139002,-0.00019034,-0.00168931
0.00043846,0.139002,-0.000378286,-0.00165738
0.000450894,0.139002,-0.000561475,-0.0016046
0.000459833,0.139002,-0.000737603,-0.00153165
0.000465635,0.139002,-0.000904455,-0.00143943
0.000468862,0.139002,-0.00105993,-0.00132911
0.000469901,0.139002,-0.00120208,-0.00120208
0.000468881,0.139002,-0.00132911,-0.00105993
0.000465671,0.139002,-0.00143943,-0.000904455
0.000459883,0.139002,-0.00153165,-0.000737603
0.000450952,0.139002,-0.0016046,-0.000561475
0.000438518,0.139002,-0.00165738,-0.000378286
0.000423983,0.139002,-0.00168931,-0.00019034
0.000423889,0.139002,0.00168931,-0.00019034
0.000438385,0.139002,0.00165738,-0.000378286
0.000450791,0.139002,0.0016046,-0.000561475
0.000459707,0.139002,0.00153165,-0.000737603
0.000465493,0.139002,0.00143943,-0.000904455
0.000468711,0.139002,0.00132911,-0.00105993
0.000469745,0.139002,0.00120208,-0.00120208
0.000468728,0.139002,0.00105993,-0.00132911
0.000465525,0.139002,0.000904455,-0.00143943
0.000459751,0.139002,0.000737603,-0.00153165
0.000450841,0.139002,0.000561475,-0.0016046
0.000438434,0.139002,0.000378286,-0.00165738
0.000423924,0.139002,0.00019034,-0.00168931
0.000416453,0.139343,-3.05629e-17,0.0017
0.000423863,0.139343,0.00019034,0.00168931
0.000438368,0.139343,0.000378286,0.00165738
0.00045077,0.139343,0.000561475,0.0016046
0.000459677,0.139343,0.000737603,0.00153165
0.000465448,0.139343,0.000904455,0.00143943
0.000468646,0.139343,0.00105993,0.00132911
0.000469661,0.139343,0.00120208,0.00120208
0.000468624,0.139343,0.00132911,0.00105993
0.000465404,0.139343,0.00143943,0.000904455
0.000459616,0.139343,0.00153165,0.000737603
0.000450698,0.139343,0.0016046,0.000561475
0.000438293,0.139343,0.00165738,0.000378286
0.000423795,0.139343,0.00168931,0.00019034
0.000416392,0.139343,0.0017,-3.77476e-19
0.000416531,0.139343,-0.0017,3.77476e-19
0.000423954,0.139343,-0.00168931,0.00019034
0.000438488,0.139343,-0.00165738,0.000378286
0.00045092,0.139343,-0.0016046,0.000561475
0.000459848,0.139343,-0.00153165,0.000737603
0.000465634,0.139343,-0.00143943,0.000904455
0.000468843,0.139343,-0.00132911,0.00105993
0.000469861,0.139343,-0.00120208,0.00120208
0.00046882,0.139343,-0.00105993,0.00132911
0.00046559,0.139343,-0.000904455,0.00143943
0.000459785,0.139343,-0.000737603,0.00153165
0.000450844,0.139343,-0.000561475,0.0016046
0.000438409,0.139343,-0.000378286,0.00165738
0.000423876,0.139343,-0.00019034,0.00168931
0.000416453,0.139343,-3.13179e-17,-0.0017
0.000423876,0.139343,-0.00019034,-0.00168931
0.000438409,0.139343,-0.000378286,-0.00165738
0.000450845,0.139343,-0.000561475,-0.0016046
0.000459786,0.139343,-0.000737603,-0.00153165
0.00046559,0.139343,-0.000904455,-0.00143943
0.00046882,0.139343,-0.00105993,-0.00132911
0.000469861,0.139343,-0.00120208,-0.00120208
0.000468843,0.139343,-0.00132911,-0.00105993
0.000465634,0.139343,-0.00143943,-0.000904455
0.000459848,0.139343,-0.00153165,-0.000737603
0.00045092,0.139343,-0.0016046,-0.000561475
0.000438488,0.139343,-0.00165738,-0.000378286
0.000423954,0.139343,-0.00168931,-0.00019034
0.000423795,0.139343,0.00168931,-0.00019034
0.000438293,0.139343,0.00165738,-0.000378286
0.000450698,0.139343,0.0016046,-0.000561475
0.000459616,0.139343,0.00153165,-0.000737603
0.000465404,0.139343,0.00143943,-0.000904455
0.000468624,0.139343,0.00132911,-0.00105993
0.00046966,0.139343,0.00120208,-0.00120208
0.000468646,0.139343,0.00105993,-0.00132911
0.000465448,0.139343,0.000904455,-0.00143943
0.000459677,0.139343,0.000737603,-0.00153165
0.00045077,0.139343,0.000561475,-0.0016046
0.000438368,0.139343,0.000378286,-0.00165738
0.000423863,0.139343,0.00019034,-0.00168931
0.000416399,0.139685,-3.06387e-17,0.0017
0.000423805,0.139685,0.00019034,0.00168931
0.000438306,0.139685,0.000378286,0.00165738
0.000450704,0.139685,0.000561475,0.0016046
0.000459608,0.139685,0.000737603,0.00153165
0.000465376,0.139685,0.000904455,0.00143943
0.000468572,0.139685,0.00105993,0.00132911
0.000469584,0.139685,0.00120208,0.00120208
0.000468545,0.139685,0.00132911,0.00105993
0.000465323,0.139685,0.00143943,0.000904455
0.000459533,0.139685,0.00153165,0.000737603
0.000450615,0.139685,0.0016046,0.000561475
0.000438209,0.139685,0.00165738,0.000378286
0.000423712,0.139685,0.00168931,0.00019034
0.000416308,0.139685,0.0017,-3.77476e-19
0.000416499,0.139685,-0.0017,3.77476e-19
0.000423922,0.139685,-0.00168931,0.00019034
0.000438453,0.139685,-0.00165738,0.000378286
0.000450882,0.139685,-0.0016046,0.000561475
0.000459809,0.139685,-0.00153165,0.000737603
0.000465595,0.139685,-0.00143943,0.000904455
0.000468802,0.139685,-0.00132911,0.00105993
0.000469818,0.139685,-0.00120208,0.00120208
0.000468775,0.139685,-0.00105993,0.00132911
0.000465544,0.139685,-0.000904455,0.00143943
0.000459738,0.139685,-0.000737603,0.00153165
0.000450795,0.139685,-0.000561475,0.0016046
0.000438359,0.139685,-0.000378286,0.00165738
0.000423824,0.139685,-0.00019034,0.00168931
0.000416398,0.139685,-3.13937e-17,-0.0017
0.000423823,0.139685,-0.00019034,-0.00168931
0.000438358,0.139685,-0.000378286,-0.00165738
0.000450795,0.139685,-0.000561475,-0.0016046
0.000459738,0.139685,-0.000737603,-0.00153165
0.000465545,0.139685,-0.000904455,-0.00143943
0.000468776,0.139685,-0.00105993,-0.00132911
0.000469818,0.139685,-0.00120208,-0.00120208
0.000468802,0.139685,-0.00132911,-0.00105993
0.000465595,0.139685,-0.00143943,-0.000904455
0.000459809,0.139685,-0.00153165,-0.000737603
0.000450882,0.139685,-0.0016046,-0.000561475
0.000438453,0.139685,-0.00165738,-0.000378286
0.000423922,0.139685,-0.00168931,-0.00019034
0.000423712,0.139685,0.00168931,-0.00019034
0.000438209,0.139685,0.00165738,-0.000378286
0.000450615,0.139685,0.0016046,-0.000561475
0.000459533,0.139685,0.00153165,-0.000737603
0.000465323,0.139685,0.00143943,-0.000904455
0.000468544,0.139685,0.00132911,-0.00105993
0.000469584,0.139685,0.00120208,-0.00120208
0.000468572,0.139685,0.00105993,-0.00132911
0.000465375,0.139685,0.000904455,-0.00143943
0.000459607,0.139685,0.000737603,-0.00153165
0.000450704,0.139685,0.000561475,-0.0016046
0.000438306,0.139685,0.000378286,-0.00165738
0.000423805,0.139685,0.00019034,-0.00168931
0.000416347,0.140026,-3.07145e-17,0.0017
0.00042375,0.140026,0.00019034,0.00168931
0.000438248,0.140026,0.000378286,0.00165738
0.000450643,0.140026,0.000561475,0.0016046
0.000459544,0.140026,0.000737603,0.00153165
0.000465309,0.140026,0.000904455,0.00143943
0.000468503,0.140026,0.00105993,0.00132911
0.000469514,0.140026,0.00120208,0.00120208
0.000468473,0.140026,0.00132911,0.00105993
0.00046525,0.140026,0.00143943,0.000904455
0.000459459,0.140026,0.00153165,0.000737603
0.00045054,0.140026,0.0016046,0.000561475
0.000438133,0.140026,0.00165738,0.000378286
0.000423636,0.140026,0.00168931,0.00019034
0.000416233,0.140026,0.0017,-3.77476e-19
0.000416464,0.140026,-0.0017,3.77476e-19
0.000423885,0.140026,-0.00168931,0.00019034
0.000438414,0.140026,-0.00165738,0.000378286
0.000450842,0.140026,-0.0016046,0.000561475
0.000459768,0.140026,-0.00153165,0.000737603
0.000465552,0.140026,-0.00143943,0.000904455
0.000468759,0.140026,-0.00132911,0.00105993
0.000469774,0.140026,-0.00120208,0.00120208
0.000468731,0.140026,-0.00105993,0.00132911
0.000465498,0.140026,-0.000904455,0.00143943
0.000459691,0.140026,-0.000737603,0.00153165
0.000450746,0.140026,-0.000561475,0.0016046
0.000438309,0.140026,-0.000378286,0.00165738
0.000423774,0.140026,-0.00019034,0.00168931
0.000416346,0.140026,-3.14695e-17,-0.0017
0.000423772,0.140026,-0.00019034,-0.00168931
0.000438308,0.140026,-0.000378286,-0.00165738
0.000450746,0.140026,-0.000561475,-0.0016046
0.000459691,0.140026,-0.000737603,-0.00153165
0.000465499,0.140026,-0.000904455,-0.00143943
0.000468731,0.140026,-0.00105993,-0.00132911
0.000469774,0.140026,-0.00120208,-0.00120208
0.000468759,0.140026,-0.00132911,-0.00105993
0.000465552,0.140026,-0.00143943,-0.000904455
0.000459768,0.140026,-0.00153165,-0.000737603
0.000450842,0.140026,-0.0016046,-0.000561475
0.000438414,0.140026,-0.00165738,-0.000378286
0.000423885,0.140026,-0.00168931,-0.00019034
0.000423636,0.140026,0.00168931,-0.00019034
0.000438133,0.140026,0.00165738,-0.000378286
0.00045054,0.140026,0.0016046,-0.000561475
0.000459459,0.140026,0.00153165,-0.000737603
0.00046525,0.140026,0.00143943,-0.000904455
0.000468473,0.140026,0.00132911,-0.00105993
0.000469514,0.140026,0.00120208,-0.00120208
0.000468503,0.140026,0.00105993,-0.00132911
0.000465308,0.140026,0.000904455,-0.00143943
0.000459543,0.140026,0.000737603,-0.00153165
0.000450643,0.140026,0.000561475,-0.0016046
0.000438248,0.140026,0.000378286,-0.00165738
0.00042375,0.140026,0.00019034,-0.00168931
0.000416296,0.140367,-3.07903e-17,0.0017
0.000423698,0.140367,0.00019034,0.00168931
0.000438193,0.140367,0.000378286,0.00165738
0.000450587,0.140367,0.000561475,0.0016046
0.000459484,0.140367,0.000737603,0.00153165
0.000465247,0.140367,0.000904455,0.00143943
0.00046844,0.140367,0.00105993,0.00132911
0.00046945,0.140367,0.00120208,0.00120208
0.000468407,0.140367,0.00132911,0.00105993
0.000465183,0.140367,0.00143943,0.000904455
0.000459392,0.140367,0.00153165,0.000737603
0.000450472,0.140367,0.0016046,0.000561475
0.000438065,0.140367,0.00165738,0.000378286
0.000423568,0.140367,0.00168931,0.00019034
0.000416164,0.140367,0.0017,-3.77476e-19
0.000416426,0.140367,-0.0017,3.77476e-19
0.000423846,0.140367,-0.00168931,0.00019034
0.000438373,0.140367,-0.00165738,0.000378286
0.0004508,0.140367,-0.0016046,0.000561475
0.000459725,0.140367,-0.00153165,0.000737603
0.000465507,0.140367,-0.00143943,0.000904455
0.000468713,0.140367,-0.00132911,0.00105993
0.000469728,0.140367,-0.00120208,0.00120208
0.000468684,0.140367,-0.00105993,0.00132911
0.00046545,0.140367,-0.000904455,0.00143943
0.000459642,0.140367,-0.000737603,0.00153165
0.000450698,0.140367,-0.000561475,0.0016046
0.00043826,0.140367,-0.000378286,0.00165738
0.000423724,0.140367,-0.00019034,0.00168931
0.000416296,0.140367,-3.15453e-17,-0.0017
0.000423724,0.140367,-0.00019034,-0.00168931
0.00043826,0.140367,-0.000378286,-0.00165738
0.000450698,0.140367,-0.000561475,-0.0016046
0.000459642,0.140367,-0.000737603,-0.00153165
0.00046545,0.140367,-0.000904455,-0.00143943
0.000468684,0.140367,-0.00105993,-0.00132911
0.000469728,0.140367,-0.00120208,-0.00120208
0.000468713,0.140367,-0.00132911,-0.00105993
0.000465507,0.140367,-0.00143943,-0.000904455
0.000459725,0.140367,-0.00153165,-0.000737603
0.0004508,0.140367,-0.0016046,-0.000561475
0.000438373,0.140367,-0.00165738,-0.000378286
0.000423846,0.140367,-0.00168931,-0.00019034
0.000423568,0.140367,0.00168931,-0.00019034
0.000438065,0.140367,0.00165738,-0.000378286
0.000450472,0.140367,0.0016046,-0.000561475
0.000459392,0.140367,0.00153165,-0.000737603
0.000465183,0.140367,0.00143943,-0.000904455
0.000468407,0.140367,0.00132911,-0.00105993
0.00046945,0.140367,0.00120208,-0.00120208
0.00046844,0.140367,0.00105993,-0.00132911
0.000465247,0.140367,0.000904455,-0.00143943
0.000459484,0.140367,0.000737603,-0.00153165
0.000450587,0.140367,0.000561475,-0.0016046
0.000438193,0.140367,0.000378286,-0.00165738
0.000423698,0.140367,0.00019034,-0.00168931
0.000416248,0.140709,-3.08662e-17,0.0017
0.000423647,0.140709,0.00019034,0.00168931
0.00043814,0.140709,0.000378286,0.00165738
0.000450533,0.140709,0.000561475,0.0016046
0.000459429,0.140709,0.000737603,0.00153165
0.00046519,0.140709,0.000904455,0.00143943
0.000468382,0.140709,0.00105993,0.00132911
0.00046939,0.140709,0.00120208,0.00120208
0.000468346,0.140709,0.00132911,0.00105993
0.000465122,0.140709,0.00143943,0.000904455
0.00045933,0.140709,0.00153165,0.000737603
0.00045041,0.140709,0.0016046,0.000561475
0.000438004,0.140709,0.00165738,0.000378286
0.000423507,0.140709,0.00168931,0.00019034
0.000416103,0.140709,0.0017,-3.77476e-19
0.000416385,0.140709,-0.0017,3.77476e-19
0.000423805,0.140709,-0.00168931,0.00019034
0.000438331,0.140709,-0.00165738,0.000378286
0.000450756,0.140709,-0.0016046,0.000561475
0.00045968,0.140709,-0.00153165,0.000737603
0.000465462,0.140709,-0.00143943,0.000904455
0.000468667,0.140709,-0.00132911,0.00105993
0.000469681,0.140709,-0.00120208,0.00120208
0.000468636,0.140709,-0.00105993,0.00132911
0.000465403,0.140709,-0.000904455,0.00143943
0.000459595,0.140709,-0.000737603,0.00153165
0.00045065,0.140709,-0.000561475,0.0016046
0.000438212,0.140709,-0.000378286,0.00165738
0.000423676,0.140709,-0.00019034,0.00168931
0.000416248,0.140709,-3.16211e-17,-0.0017
0.000423676,0.140709,-0.00019034,-0.00168931
0.000438212,0.140709,-0.000378286,-0.00165738
0.000450651,0.140709,-0.000561475,-0.0016046
0.000459595,0.140709,-0.000737603,-0.00153165
0.000465403,0.140709,-0.000904455,-0.00143943
0.000468637,0.140709,-0.00105993,-0.00132911
0.000469681,0.140709,-0.00120208,-0.00120208
0.000468667,0.140709,-0.00132911,-0.00105993
0.000465462,0.140709,-0.00143943,-0.000904455
0.00045968,0.140709,-0.00153165,-0.000737603
0.000450756,0.140709,-0.0016046,-0.000561475
0.000438331,0.140709,-0.00165738,-0.000378286
0.000423805,0.140709,-0.00168931,-0.00019034
0.000423506,0.140709,0.00168931,-0.00019034
0.000438004,0.140709,0.00165738,-0.000378286
0.00045041,0.140709,0.0016046,-0.000561475
0.00045933,0.140709,0.00153165,-0.000737603
0.000465122,0.140709,0.00143943,-0.000904455
0.000468346,0.140709,0.00132911,-0.00105993
0.00046939,0.140709,0.00120208,-0.00120208
0.000468382,0.140709,0.00105993,-0.00132911
0.00046519,0.140709,0.000904455,-0.00143943
0.000459429,0.140709,0.000737603,-0.00153165
0.000450532,0.140709,0.000561475,-0.0016046
0.00043814,0.140709,0.000378286,-0.00165738
0.000423647,0.140709,0.00019034,-0.00168931
0.000416202,0.14105,-3.0942e-17,0.0017
0.000423599,0.14105,0.00019034,0.00168931
0.00043809,0.14105,0.000378286,0.00165738
0.000450481,0.14105,0.000561475,0.0016046
0.000459376,0.14105,0.000737603,0.00153165
0.000465137,0.14105,0.000904455,0.00143943
0.000468328,0.14105,0.00105993,0.00132911
0.000469334,0.14105,0.00120208,0.00120208
0.000468291,0.14105,0.00132911,0.00105993
0.000465066,0.14105,0.00143943,0.000904455
0.000459273,0.14105,0.00153165,0.000737603
0.000450354,0.14105,0.0016046,0.000561475
0.000437947,0.14105,0.00165738,0.000378286
0.00042345,0.14105,0.00168931,0.00019034
0.000416046,0.14105,0.0017,-3.77476e-19
0.000416345,0.14105,-0.0017,3.77476e-19
0.000423763,0.14105,-0.00168931,0.00019034
0.000438288,0.14105,-0.00165738,0.000378286
0.000450711,0.14105,-0.0016046,0.000561475
0.000459634,0.14105,-0.00153165,0.000737603
0.000465416,0.14105,-0.00143943,0.000904455
0.000468621,0.14105,-0.00132911,0.00105993
0.000469634,0.14105,-0.00120208,0.00120208
0.00046859,0.14105,-0.00105993,0.00132911
0.000465357,0.14105,-0.000904455,0.00143943
0.000459549,0.14105,-0.000737603,0.00153165
0.000450604,0.14105,-0.000561475,0.0016046
0.000438166,0.14105,-0.000378286,0.00165738
0.000423631,0.14105,-0.00019034,0.00168931
0.000416201,0.14105,-3.16969e-17,-0.0017
0.00042363,0.14105,-0.00019034,-0.00168931
0.000438166,0.14105,-0.000378286,-0.00165738
0.000450604,0.14105,-0.000561475,-0.0016046
0.000459549,0.14105,-0.000737603,-0.00153165
0.000465357,0.14105,-0.000904455,-0.00143943
0.00046859,0.14105,-0.00105993,-0.00132911
0.000469635,0.14105,-0.00120208,-0.00120208
0.000468621,0.14105,-0.00132911,-0.00105993
0.000465416,0.14105,-0.00143943,-0.000904455
0.000459634,0.14105,-0.00153165,-0.000737603
0.000450711,0.14105,-0.0016046,-0.000561475
0.000438288,0.14105,-0.00165738,-0.000378286
0.000423763,0.14105,-0.00168931,-0.00019034
0.00042345,0.14105,0.00168931,-0.00019034
0.000437947,0.14105,0.00165738,-0.000378286
0.000450354,0.14105,0.0016046,-0.000561475
0.000459273,0.14105,0.00153165,-0.000737603
0.000465065,0.14105,0.00143943,-0.000904455
0.00046829,0.14105,0.00132911,-0.00105993
0.000469334,0.14105,0.00120208,-0.00120208
0.000468327,0.14105,0.00105993,-0.00132911
0.000465136,0.14105,0.000904455,-0.00143943
0.000459375,0.14105,0.000737603,-0.00153165
0.00045048,0.14105,0.000561475,-0.0016046
0.00043809,0.14105,0.000378286,-0.00165738
0.000423599,0.14105,0.00019034,-0.00168931
0.000416157,0.141392,-3.10178e-17,0.0017
0.000423553,0.141392,0.00019034,0.00168931
0.000438043,0.141392,0.000378286,0.00165738
0.000450432,0.141392,0.000561475,0.0016046
0.000459327,0.141392,0.000737603,0.00153165
0.000465087,0.141392,0.000904455,0.00143943
0.000468276,0.141392,0.00105993,0.00132911
0.000469282,0.141392,0.00120208,0.00120208
0.000468238,0.141392,0.00132911,0.00105993
0.000465013,0.141392,0.00143943,0.000904455
0.000459221,0.141392,0.00153165,0.000737603
0.000450301,0.141392,0.0016046,0.000561475
0.000437894,0.141392,0.00165738,0.000378286
0.000423397,0.141392,0.00168931,0.00019034
0.000415993,0.141392,0.0017,-3.77476e-19
0.000416305,0.141392,-0.0017,3.77476e-19
0.000423722,0.141392,-0.00168931,0.00019034
0.000438245,0.141392,-0.00165738,0.000378286
0.000450668,0.141392,-0.0016046,0.000561475
0.00045959,0.141392,-0.00153165,0.000737603
0.000465371,0.141392,-0.00143943,0.000904455
0.000468575,0.141392,-0.00132911,0.00105993
0.000469588,0.141392,-0.00120208,0.00120208
0.000468544,0.141392,-0.00105993,0.00132911
0.000465311,0.141392,-0.000904455,0.00143943
0.000459503,0.141392,-0.000737603,0.00153165
0.000450559,0.141392,-0.000561475,0.0016046
0.000438121,0.141392,-0.000378286,0.00165738
0.000423586,0.141392,-0.00019034,0.00168931
0.000416156,0.141392,-3.17727e-17,-0.0017
0.000423585,0.141392,-0.00019034,-0.00168931
0.00043812,0.141392,-0.000378286,-0.00165738
0.000450559,0.141392,-0.000561475,-0.0016046
0.000459503,0.141392,-0.000737603,-0.00153165
0.000465311,0.141392,-0.000904455,-0.00143943
0.000468544,0.141392,-0.00105993,-0.00132911
0.000469588,0.141392,-0.00120208,-0.00120208
0.000468575,0.141392,-0.00132911,-0.00105993
0.000465371,0.141392,-0.00143943,-0.000904455
0.00045959,0.141392,-0.00153165,-0.000737603
0.000450668,0.141392,-0.0016046,-0.000561475
0.000438245,0.141392,-0.00165738,-0.000378286
0.000423722,0.141392,-0.00168931,-0.00019034
0.000423397,0.141392,0.00168931,-0.00019034
0.000437894,0.141392,0.00165738,-0.000378286
0.000450301,0.141392,0.0016046,-0.000561475
0.000459221,0.141392,0.00153165,-0.000737603
0.000465013,0.141392,0.00143943,-0.000904455
0.000468238,0.141392,0.00132911,-0.00105993
0.000469282,0.141392,0.00120208,-0.00120208
0.000468276,0.141392,0.00105993,-0.00132911
0.000465086,0.141392,0.000904455,-0.00143943
0.000459326,0.141392,0.000737603,-0.00153165
0.000450431,0.141392,0.000561475,-0.0016046
0.000438043,0.141392,0.000378286,-0.00165738
0.000423553,0.141392,0.00019034,-0.00168931
0.000416113,0.141733,-3.10936e-17,0.0017
0.000423509,0.141733,0.00019034,0.00168931
0.000437998,0.141733,0.000378286,0.00165738
0.000450385,0.141733,0.000561475,0.0016046
0.000459278,0.141733,0.000737603,0.00153165
0.000465038,0.141733,0.000904455,0.00143943
0.000468227,0.141733,0.00105993,0.00132911
0.000469233,0.141733,0.00120208,0.00120208
0.000468189,0.141733,0.00132911,0.00105993
0.000464964,0.141733,0.00143943,0.000904455
0.000459171,0.141733,0.00153165,0.000737603
0.00045025,0.141733,0.0016046,0.000561475
0.000437844,0.141733,0.00165738,0.000378286
0.000423347,0.141733,0.00168931,0.00019034
0.000415944,0.141733,0.0017,-3.77476e-19
0.000416266,0.141733,-0.0017,3.77476e-19
0.000423683,0.141733,-0.00168931,0.00019034
0.000438204,0.141733,-0.00165738,0.000378286
0.000450626,0.141733,-0.0016046,0.000561475
0.000459547,0.141733,-0.00153165,0.000737603
0.000465327,0.141733,-0.00143943,0.000904455
0.00046853,0.141733,-0.00132911,0.00105993
0.000469544,0.141733,-0.00120208,0.00120208
0.0004685,0.141733,-0.00105993,0.00132911
0.000465267,0.141733,-0.000904455,0.00143943
0.000459459,0.141733,-0.000737603,0.00153165
0.000450516,0.141733,-0.000561475,0.0016046
0.000438078,0.141733,-0.000378286,0.00165738
0.000423543,0.141733,-0.00019034,0.00168931
0.000416113,0.141733,-3.18485e-17,-0.0017
0.000423542,0.141733,-0.00019034,-0.00168931
0.000438077,0.141733,-0.000378286,-0.00165738
0.000450516,0.141733,-0.000561475,-0.0016046
0.000459459,0.141733,-0.000737603,-0.00153165
0.000465267,0.141733,-0.000904455,-0.00143943
0.0004685,0.141733,-0.00105993,-0.00132911
0.000469544,0.141733,-0.00120208,-0.00120208
0.00046853,0.141733,-0.00132911,-0.00105993
0.000465327,0.141733,-0.00143943,-0.000904455
0.000459547,0.141733,-0.00153165,-0.000737603
0.000450626,0.141733,-0.0016046,-0.000561475
0.000438204,0.141733,-0.00165738,-0.000378286
0.000423683,0.141733,-0.00168931,-0.00019034
0.000423347,0.141733,0.00168931,-0.00019034
0.000437844,0.141733,0.00165738,-0.000378286
0.00045025,0.141733,0.0016046,-0.000561475
0.000459171,0.141733,0.00153165,-0.000737603
0.000464963,0.141733,0.00143943,-0.000904455
0.000468188,0.141733,0.00132911,-0.00105993
0.000469233,0.141733,0.00120208,-0.00120208
0.000468227,0.141733,0.00105993,-0.00132911
0.000465038,0.141733,0.000904455,-0.00143943
0.000459278,0.141733,0.000737603,-0.00153165
0.000450385,0.141733,0.000561475,-0.0016046
0.000437997,0.141733,0.000378286,-0.00165738
0.000423508,0.141733,0.00019034,-0.00168931
0.000416072,0.142074,-3.11694e-17,0.0017
0.000423467,0.142074,0.00019034,0.00168931
0.000437954,0.142074,0.000378286,0.00165738
0.00045034,0.142074,0.000561475,0.0016046
0.000459231,0.142074,0.000737603,0.00153165
0.000464991,0.142074,0.000904455,0.00143943
0.00046818,0.142074,0.00105993,0.00132911
0.000469186,0.142074,0.00120208,0.00120208
0.000468141,0.142074,0.00132911,0.00105993
0.000464915,0.142074,0.00143943,0.000904455
0.000459122,0.142074,0.00153165,0.000737603
0.000450202,0.142074,0.0016046,0.000561475
0.000437795,0.142074,0.00165738,0.000378286
0.000423299,0.142074,0.00168931,0.00019034
0.000415896,0.142074,0.0017,-3.77476e-19
0.000416229,0.142074,-0.0017,3.77476e-19
0.000423645,0.142074,-0.00168931,0.00019034
0.000438165,0.142074,-0.00165738,0.000378286
0.000450586,0.142074,-0.0016046,0.000561475
0.000459506,0.142074,-0.00153165,0.000737603
0.000465286,0.142074,-0.00143943,0.000904455
0.000468489,0.142074,-0.00132911,0.00105993
0.000469502,0.142074,-0.00120208,0.00120208
0.000468459,0.142074,-0.00105993,0.00132911
0.000465225,0.142074,-0.000904455,0.00143943
0.000459417,0.142074,-0.000737603,0.00153165
0.000450474,0.142074,-0.000561475,0.0016046
0.000438037,0.142074,-0.000378286,0.00165738
0.000423502,0.142074,-0.00019034,0.00168931
0.000416072,0.142074,-3.19243e-17,-0.0017
0.000423501,0.142074,-0.00019034,-0.00168931
0.000438036,0.142074,-0.000378286,-0.00165738
0.000450474,0.142074,-0.000561475,-0.0016046
0.000459417,0.142074,-0.000737603,-0.00153165
0.000465225,0.142074,-0.000904455,-0.00143943
0.000468459,0.142074,-0.00105993,-0.00132911
0.000469502,0.142074,-0.00120208,-0.00120208
0.000468489,0.142074,-0.00132911,-0.00105993
0.000465286,0.142074,-0.00143943,-0.000904455
0.000459506,0.142074,-0.00153165,-0.000737603
0.000450586,0.142074,-0.0016046,-0.000561475
0.000438165,0.142074,-0.00165738,-0.000378286
0.000423645,0.142074,-0.00168931,-0.00019034
0.000423299,0.142074,0.00168931,-0.00019034
0.000437795,0.142074,0.00165738,-0.000378286
0.000450202,0.142074,0.0016046,-0.000561475
0.000459122,0.142074,0.00153165,-0.000737603
0.000464914,0.142074,0.00143943,-0.000904455
0.000468141,0.142074,0.00132911,-0.00105993
0.000469185,0.142074,0.00120208,-0.00120208
0.00046818,0.142074,0.00105993,-0.00132911
0.000464991,0.142074,0.000904455,-0.00143943
0.000459231,0.142074,0.000737603,-0.00153165
0.00045034,0.142074,0.000561475,-0.0016046
0.000437953,0.142074,0.000378286,-0.00165738
0.000423466,0.142074,0.00019034,-0.00168931
0.000416033,0.142416,-3.12452e-17,0.0017
0.000423426,0.142416,0.00019034,0.00168931
0.000437911,0.142416,0.000378286,0.00165738
0.000450296,0.142416,0.000561475,0.0016046
0.000459187,0.142416,0.000737603,0.00153165
0.000464945,0.142416,0.000904455,0.00143943
0.000468134,0.142416,0.00105993,0.00132911
0.000469139,0.142416,0.00120208,0.00120208
0.000468094,0.142416,0.00132911,0.00105993
0.000464867,0.142416,0.00143943,0.000904455
0.000459074,0.142416,0.00153165,0.000737603
0.000450153,0.142416,0.0016046,0.000561475
0.000437747,0.142416,0.00165738,0.000378286
0.00042325,0.142416,0.00168931,0.00019034
0.000415847,0.142416,0.0017,-3.77476e-19
0.000416195,0.142416,-0.0017,3.77476e-19
0.00042361,0.142416,-0.00168931,0.00019034
0.00043813,0.142416,-0.00165738,0.000378286
0.000450549,0.142416,-0.0016046,0.000561475
0.000459468,0.142416,-0.00153165,0.000737603
0.000465248,0.142416,-0.00143943,0.000904455
0.00046845,0.142416,-0.00132911,0.00105993
0.000469464,0.142416,-0.00120208,0.00120208
0.00046842,0.142416,-0.00105993,0.00132911
0.000465186,0.142416,-0.000904455,0.00143943
0.000459378,0.142416,-0.000737603,0.00153165
0.000450434,0.142416,-0.000561475,0.0016046
0.000437997,0.142416,-0.000378286,0.00165738
0.000423463,0.142416,-0.00019034,0.00168931
0.000416033,0.142416,-3.20002e-17,-0.0017
0.000423463,0.142416,-0.00019034,-0.00168931
0.000437997,0.142416,-0.000378286,-0.00165738
0.000450435,0.142416,-0.000561475,-0.0016046
0.000459378,0.142416,-0.000737603,-0.00153165
0.000465186,0.142416,-0.000904455,-0.00143943
0.00046842,0.142416,-0.00105993,-0.00132911
0.000469464,0.142416,-0.00120208,-0.00120208
0.00046845,0.142416,-0.00132911,-0.00105993
0.000465248,0.142416,-0.00143943,-0.000904455
0.000459468,0.142416,-0.00153165,-0.000737603
0.000450549,0.142416,-0.0016046,-0.000561475
0.00043813,0.142416,-0.00165738,-0.000378286
0.00042361,0.142416,-0.00168931,-0.00019034
0.00042325,0.142416,0.00168931,-0.00019034
0.000437747,0.142416,0.00165738,-0.000378286
0.000450153,0.142416,0.0016046,-0.000561475
0.000459073,0.142416,0.00153165,-0.000737603
0.000464867,0.142416,0.00143943,-0.000904455
0.000468093,0.142416,0.00132911,-0.00105993
0.000469139,0.142416,0.00120208,-0.00120208
0.000468133,0.142416,0.00105993,-0.00132911
0.000464945,0.142416,0.000904455,-0.00143943
0.000459187,0.142416,0.000737603,-0.00153165
0.000450296,0.142416,0.000561475,-0.0016046
0.000437911,0.142416,0.000378286,-0.00165738
0.000423426,0.142416,0.00019034,-0.00168931
0.000415996,0.142757,-3.1321e-17,0.0017
0.000423387,0.142757,0.00019034,0.00168931
0.00043787,0.142757,0.000378286,0.00165738
0.000450254,0.142757,0.000561475,0.0016046
0.000459143,0.142757,0.000737603,0.00153165
0.0004649,0.142757,0.000904455,0.00143943
0.000468088,0.142757,0.00105993,0.00132911
0.000469092,0.142757,0.00120208,0.00120208
0.000468046,0.142757,0.00132911,0.00105993
0.000464818,0.142757,0.00143943,0.000904455
0.000459025,0.142757,0.00153165,0.000737603
0.000450104,0.142757,0.0016046,0.000561475
0.000437697,0.142757,0.00165738,0.000378286
0.000423201,0.142757,0.00168931,0.00019034
0.000415798,0.142757,0.0017,-3.77476e-19
0.000416165,0.142757,-0.0017,3.77476e-19
0.00042358,0.142757,-0.00168931,0.00019034
0.000438098,0.142757,-0.00165738,0.000378286
0.000450516,0.142757,-0.0016046,0.000561475
0.000459435,0.142757,-0.00153165,0.000737603
0.000465213,0.142757,-0.00143943,0.000904455
0.000468415,0.142757,-0.00132911,0.00105993
0.000469428,0.142757,-0.00120208,0.00120208
0.000468383,0.142757,-0.00105993,0.00132911
0.00046515,0.142757,-0.000904455,0.00143943
0.000459341,0.142757,-0.000737603,0.00153165
0.000450397,0.142757,-0.000561475,0.0016046
0.00043796,0.142757,-0.000378286,0.00165738
0.000423426,0.142757,-0.00019034,0.00168931
0.000415996,0.142757,-3.2076e-17,-0.0017
0.000423426,0.142757,-0.00019034,-0.00168931
0.00043796,0.142757,-0.000378286,-0.00165738
0.000450397,0.142757,-0.000561475,-0.0016046
0.000459341,0.142757,-0.000737603,-0.00153165
0.00046515,0.142757,-0.000904455,-0.00143943
0.000468383,0.142757,-0.00105993,-0.00132911
0.000469428,0.142757,-0.00120208,-0.00120208
0.000468415,0.142757,-0.00132911,-0.00105993
0.000465213,0.142757,-0.00143943,-0.000904455
0.000459435,0.142757,-0.00153165,-0.000737603
0.000450516,0.142757,-0.0016046,-0.000561475
0.000438098,0.142757,-0.00165738,-0.000378286
0.000423581,0.142757,-0.00168931,-0.00019034
0.000423201,0.142757,0.00168931,-0.00019034
0.000437697,0.142757,0.00165738,-0.000378286
0.000450104,0.142757,0.0016046,-0.000561475
0.000459025,0.142757,0.00153165,-0.000737603
0.000464818,0.142757,0.00143943,-0.000904455
0.000468046,0.142757,0.00132911,-0.00105993
0.000469092,0.142757,0.00120208,-0.00120208
0.000468087,0.142757,0.00105993,-0.00132911
0.000464899,0.142757,0.000904455,-0.00143943
0.000459143,0.142757,0.000737603,-0.00153165
0.000450253,0.142757,0.000561475,-0.0016046
0.00043787,0.142757,0.000378286,-0.00165738
0.000423387,0.142757,0.00019034,-0.00168931
0.000415959,0.143099,-3.13968e-17,0.0017
0.000423348,0.143099,0.00019034,0.00168931
0.000437829,0.143099,0.000378286,0.00165738
0.000450211,0.143099,0.000561475,0.0016046
0.0004591,0.143099,0.000737603,0.00153165
0.000464855,0.143099,0.000904455,0.00143943
0.000468041,0.143099,0.00105993,0.00132911
0.000469044,0.143099,0.00120208,0.00120208
0.000467997,0.143099,0.00132911,0.00105993
0.000464769,0.143099,0.00143943,0.000904455
0.000458975,0.143099,0.00153165,0.000737603
0.000450054,0.143099,0.0016046,0.000561475
0.000437647,0.143099,0.00165738,0.000378286
0.00042315,0.143099,0.00168931,0.00019034
0.000415747,0.143099,0.0017,-3.77476e-19
0.000416141,0.143099,-0.0017,3.77476e-19
0.000423555,0.143099,-0.00168931,0.00019034
0.000438071,0.143099,-0.00165738,0.000378286
0.000450488,0.143099,-0.0016046,0.000561475
0.000459406,0.143099,-0.00153165,0.000737603
0.000465184,0.143099,-0.00143943,0.000904455
0.000468385,0.143099,-0.00132911,0.00105993
0.000469397,0.143099,-0.00120208,0.00120208
0.000468351,0.143099,-0.00105993,0.00132911
0.000465116,0.143099,-0.000904455,0.00143943
0.000459308,0.143099,-0.000737603,0.00153165
0.000450363,0.143099,-0.000561475,0.0016046
0.000437924,0.143099,-0.000378286,0.00165738
0.000423391,0.143099,-0.00019034,0.00168931
0.000415959,0.143099,-3.21518e-17,-0.0017
0.000423391,0.143099,-0.00019034,-0.00168931
0.000437924,0.143099,-0.000378286,-0.00165738
0.000450363,0.143099,-0.000561475,-0.0016046
0.000459308,0.143099,-0.000737603,-0.00153165
0.000465116,0.143099,-0.000904455,-0.00143943
0.000468351,0.143099,-0.00105993,-0.00132911
0.000469397,0.143099,-0.00120208,-0.00120208
0.000468385,0.143099,-0.00132911,-0.00105993
0.000465184,0.143099,-0.00143943,-0.000904455
0.000459406,0.143099,-0.00153165,-0.000737603
0.000450488,0.143099,-0.0016046,-0.000561475
0.000438072,0.143099,-0.00165738,-0.000378286
0.000423556,0.143099,-0.00168931,-0.00019034
0.00042315,0.143099,0.00168931,-0.00019034
0.000437647,0.143099,0.00165738,-0.000378286
0.000450054,0.143099,0.0016046,-0.000561475
0.000458975,0.143099,0.00153165,-0.000737603
0.000464769,0.143099,0.00143943,-0.000904455
0.000467997,0.143099,0.00132911,-0.00105993
0.000469044,0.143099,0.00120208,-0.00120208
0.000468041,0.143099,0.00105993,-0.00132911
0.000464855,0.143099,0.000904455,-0.00143943
0.000459099,0.143099,0.000737603,-0.00153165
0.000450211,0.143099,0.000561475,-0.0016046
0.000437829,0.143099,0.000378286,-0.00165738
0.000423348,0.143099,0.00019034,-0.00168931
0.000415923,0.14344,-3.14726e-17,0.0017
0.00042331,0.14344,0.00019034,0.00168931
0.000437789,0.14344,0.000378286,0.00165738
0.000450168,0.14344,0.000561475,0.0016046
0.000459055,0.14344,0.000737603,0.00153165
0.000464809,0.14344,0.000904455,0.00143943
0.000467993,0.14344,0.00105993,0.00132911
0.000468995,0.14344,0.00120208,0.00120208
0.000467947,0.14344,0.00132911,0.00105993
0.000464719,0.14344,0.00143943,0.000904455
0.000458924,0.14344,0.00153165,0.000737603
0.000450002,0.14344,0.0016046,0.000561475
0.000437594,0.14344,0.00165738,0.000378286
0.000423097,0.14344,0.00168931,0.00019034
0.000415695,0.14344,0.0017,-3.77476e-19
0.000416123,0.14344,-0.0017,3.77476e-19
0.000423537,0.14344,-0.00168931,0.00019034
0.000438051,0.14344,-0.00165738,0.000378286
0.000450466,0.14344,-0.0016046,0.000561475
0.000459382,0.14344,-0.00153165,0.000737603
0.000465159,0.14344,-0.00143943,0.000904455
0.000468359,0.14344,-0.00132911,0.00105993
0.00046937,0.14344,-0.00120208,0.00120208
0.000468323,0.14344,-0.00105993,0.00132911
0.000465086,0.14344,-0.000904455,0.00143943
0.000459277,0.14344,-0.000737603,0.00153165
0.000450331,0.14344,-0.000561475,0.0016046
0.000437892,0.14344,-0.000378286,0.00165738
0.000423357,0.14344,-0.00019034,0.00168931
0.000415924,0.14344,-3.22276e-17,-0.0017
0.000423357,0.14344,-0.00019034,-0.00168931
0.000437892,0.14344,-0.000378286,-0.00165738
0.000450331,0.14344,-0.000561475,-0.0016046
0.000459277,0.14344,-0.000737603,-0.00153165
0.000465087,0.14344,-0.000904455,-0.00143943
0.000468323,0.14344,-0.00105993,-0.00132911
0.00046937,0.14344,-0.00120208,-0.00120208
0.000468359,0.14344,-0.00132911,-0.00105993
0.000465159,0.14344,-0.00143943,-0.000904455
0.000459382,0.14344,-0.00153165,-0.000737603
0.000450466,0.14344,-0.0016046,-0.000561475
0.000438051,0.14344,-0.00165738,-0.000378286
0.000423536,0.14344,-0.00168931,-0.00019034
0.000423097,0.14344,0.00168931,-0.00019034
0.000437594,0.14344,0.00165738,-0.000378286
0.000450001,0.14344,0.0016046,-0.000561475
0.000458923,0.14344,0.00153165,-0.000737603
0.000464718,0.14344,0.00143943,-0.000904455
0.000467946,0.14344,0.00132911,-0.00105993
0.000468995,0.14344,0.00120208,-0.00120208
0.000467993,0.14344,0.00105993,-0.00132911
0.000464809,0.14344,0.000904455,-0.00143943
0.000459055,0.14344,0.000737603,-0.00153165
0.000450168,0.14344,0.000561475,-0.0016046
0.000437789,0.14344,0.000378286,-0.00165738
0.000423311,0.14344,0.00019034,-0.00168931
0.000415889,0.143782,-3.15485e-17,0.0017
0.000423273,0.143782,0.00019034,0.00168931
0.000437749,0.143782,0.000378286,0.00165738
0.000450126,0.143782,0.000561475,0.0016046
0.000459011,0.143782,0.000737603,0.00153165
0.000464761,0.143782,0.000904455,0.00143943
0.000467944,0.143782,0.00105993,0.00132911
0.000468944,0.143782,0.00120208,0.00120208
0.000467895,0.143782,0.00132911,0.00105993
0.000464666,0.143782,0.00143943,0.000904455
0.00045887,0.143782,0.00153165,0.000737603
0.000449946,0.143782,0.0016046,0.000561475
0.000437539,0.143782,0.00165738,0.000378286
0.000423042,0.143782,0.00168931,0.00019034
0.000415639,0.143782,0.0017,-3.77476e-19
0.000416109,0.143782,-0.0017,3.77476e-19
0.000423523,0.143782,-0.00168931,0.00019034
0.000438037,0.143782,-0.00165738,0.000378286
0.00045045,0.143782,-0.0016046,0.000561475
0.000459364,0.143782,-0.00153165,0.000737603
0.000465139,0.143782,-0.00143943,0.000904455
0.000468338,0.143782,-0.00132911,0.00105993
0.000469347,0.143782,-0.00120208,0.00120208
0.000468298,0.143782,-0.00105993,0.00132911
0.000465061,0.143782,-0.000904455,0.00143943
0.00045925,0.143782,-0.000737603,0.00153165
0.000450303,0.143782,-0.000561475,0.0016046
0.000437862,0.143782,-0.000378286,0.00165738
0.000423325,0.143782,-0.00019034,0.00168931
0.00041589,0.143782,-3.23034e-17,-0.0017
0.000423325,0.143782,-0.00019034,-0.00168931
0.000437863,0.143782,-0.000378286,-0.00165738
0.000450303,0.143782,-0.000561475,-0.0016046
0.00045925,0.143782,-0.000737603,-0.00153165
0.000465061,0.143782,-0.000904455,-0.00143943
0.000468299,0.143782,-0.00105993,-0.00132911
0.000469348,0.143782,-0.00120208,-0.00120208
0.000468339,0.143782,-0.00132911,-0.00105993
0.00046514,0.143782,-0.00143943,-0.000904455
0.000459364,0.143782,-0.00153165,-0.000737603
0.00045045,0.143782,-0.0016046,-0.000561475
0.000438037,0.143782,-0.00165738,-0.000378286
0.000423523,0.143782,-0.00168931,-0.00019034
0.000423041,0.143782,0.00168931,-0.00019034
0.000437539,0.143782,0.00165738,-0.000378286
0.000449946,0.143782,0.0016046,-0.000561475
0.000458869,0.143782,0.00153165,-0.000737603
0.000464664,0.143782,0.00143943,-0.000904455
0.000467895,0.143782,0.00132911,-0.00105993
0.000468945,0.143782,0.00120208,-0.00120208
0.000467944,0.143782,0.00105993,-0.00132911
0.000464762,0.143782,0.000904455,-0.00143943
0.000459011,0.143782,0.000737603,-0.00153165
0.000450126,0.143782,0.000561475,-0.0016046
0.000437749,0.143782,0.000378286,-0.00165738
0.000423274,0.143782,0.00019034,-0.00168931
0.000415857,0.144123,-3.16243e-17,0.0017
0.000423237,0.144123,0.00019034,0.00168931
0.00043771,0.144123,0.000378286,0.00165738
0.000450084,0.144123,0.000561475,0.0016046
0.000458965,0.144123,0.000737603,0.00153165
0.000464713,0.144123,0.000904455,0.00143943
0.000467894,0.144123,0.00105993,0.00132911
0.000468892,0.144123,0.00120208,0.00120208
0.000467841,0.144123,0.00132911,0.00105993
0.000464609,0.144123,0.00143943,0.000904455
0.000458812,0.144123,0.00153165,0.000737603
0.000449889,0.144123,0.0016046,0.000561475
0.000437481,0.144123,0.00165738,0.000378286
0.000422984,0.144123,0.00168931,0.00019034
0.00041558,0.144123,0.0017,-3.77476e-19
0.000416102,0.144123,-0.0017,3.77476e-19
0.000423515,0.144123,-0.00168931,0.00019034
0.000438028,0.144123,-0.00165738,0.000378286
0.00045044,0.144123,-0.0016046,0.000561475
0.000459352,0.144123,-0.00153165,0.000737603
0.000465126,0.144123,-0.00143943,0.000904455
0.000468322,0.144123,-0.00132911,0.00105993
0.00046933,0.144123,-0.00120208,0.00120208
0.000468279,0.144123,-0.00105993,0.00132911
0.00046504,0.144123,-0.000904455,0.00143943
0.000459227,0.144123,-0.000737603,0.00153165
0.000450277,0.144123,-0.000561475,0.0016046
0.000437834,0.144123,-0.000378286,0.00165738
0.000423295,0.144123,-0.00019034,0.00168931
0.000415857,0.144123,-3.23792e-17,-0.0017
0.000423295,0.144123,-0.00019034,-0.00168931
0.000437836,0.144123,-0.000378286,-0.00165738
0.000450278,0.144123,-0.000561475,-0.0016046
0.000459227,0.144123,-0.000737603,-0.00153165
0.00046504,0.144123,-0.000904455,-0.00143943
0.00046828,0.144123,-0.00105993,-0.00132911
0.000469331,0.144123,-0.00120208,-0.00120208
0.000468324,0.144123,-0.00132911,-0.00105993
0.000465126,0.144123,-0.00143943,-0.000904455
0.000459352,0.144123,-0.00153165,-0.000737603
0.00045044,0.144123,-0.0016046,-0.000561475
0.000438028,0.144123,-0.00165738,-0.000378286
0.000423515,0.144123,-0.00168931,-0.00019034
0.000422983,0.144123,0.00168931,-0.00019034
0.000437481,0.144123,0.00165738,-0.000378286
0.000449889,0.144123,0.0016046,-0.000561475
0.000458812,0.144123,0.00153165,-0.000737603
0.000464609,0.144123,0.00143943,-0.000904455
0.000467841,0.144123,0.00132911,-0.00105993
0.000468892,0.144123,0.00120208,-0.00120208
0.000467894,0.144123,0.00105993,-0.00132911
0.000464714,0.144123,0.000904455,-0.00143943
0.000458966,0.144123,0.000737603,-0.00153165
0.000450084,0.144123,0.000561475,-0.0016046
0.00043771,0.144123,0.000378286,-0.00165738
0.000423237,0.144123,0.00019034,-0.00168931
0.000415826,0.144464,-3.17001e-17,0.0017
0.000423202,0.144464,0.00019034,0.00168931
0.00043767,0.144464,0.000378286,0.00165738
0.00045004,0.144464,0.000561475,0.0016046
0.000458918,0.144464,0.000737603,0.00153165
0.000464664,0.144464,0.000904455,0.00143943
0.000467842,0.144464,0.00105993,0.00132911
0.000468837,0.144464,0.00120208,0.00120208
0.000467783,0.144464,0.00132911,0.00105993
0.00046455,0.144464,0.00143943,0.000904455
0.000458752,0.144464,0.00153165,0.000737603
0.000449827,0.144464,0.0016046,0.000561475
0.000437418,0.144464,0.00165738,0.000378286
0.00042292,0.144464,0.00168931,0.00019034
0.000415517,0.144464,0.0017,-3.77476e-19
0.000416102,0.144464,-0.0017,3.77476e-19
0.000423515,0.144464,-0.00168931,0.00019034
0.000438026,0.144464,-0.00165738,0.000378286
0.000450436,0.144464,-0.0016046,0.000561475
0.000459347,0.144464,-0.00153165,0.000737603
0.000465118,0.144464,-0.00143943,0.000904455
0.000468313,0.144464,-0.00132911,0.00105993
0.000469317,0.144464,-0.00120208,0.00120208
0.000468264,0.144464,-0.00105993,0.00132911
0.000465023,0.144464,-0.000904455,0.00143943
0.000459207,0.144464,-0.000737603,0.00153165
0.000450255,0.144464,-0.000561475,0.0016046
0.000437809,0.144464,-0.000378286,0.00165738
0.000423267,0.144464,-0.00019034,0.00168931
0.000415826,0.144464,-3.2455e-17,-0.0017
0.000423268,0.144464,-0.00019034,-0.00168931
0.00043781,0.144464,-0.000378286,-0.00165738
0.000450255,0.144464,-0.000561475,-0.0016046
0.000459207,0.144464,-0.000737603,-0.00153165
0.000465023,0.144464,-0.000904455,-0.00143943
0.000468265,0.144464,-0.00105993,-0.00132911
0.000469319,0.144464,-0.00120208,-0.00120208
0.000468314,0.144464,-0.00132911,-0.00105993
0.000465119,0.144464,-0.00143943,-0.000904455
0.000459347,0.144464,-0.00153165,-0.000737603
0.000450436,0.144464,-0.0016046,-0.000561475
0.000438026,0.144464,-0.00165738,-0.000378286
0.000423515,0.144464,-0.00168931,-0.00019034
0.00042292,0.144464,0.00168931,-0.00019034
0.000437418,0.144464,0.00165738,-0.000378286
0.000449827,0.144464,0.0016046,-0.000561475
0.000458752,0.144464,0.00153165,-0.000737603
0.00046455,0.144464,0.00143943,-0.000904455
0.000467783,0.144464,0.00132911,-0.00105993
0.000468837,0.144464,0.00120208,-0.00120208
0.000467842,0.144464,0.00105993,-0.00132911
0.000464665,0.144464,0.000904455,-0.00143943
0.000458919,0.144464,0.000737603,-0.00153165
0.000450042,0.144464,0.000561475,-0.0016046
0.000437671,0.144464,0.000378286,-0.00165738
0.000423202,0.144464,0.00019034,-0.00168931
0.000415796,0.144806,-3.17759e-17,0.0017
0.000423168,0.144806,0.00019034,0.00168931
0.000437631,0.144806,0.000378286,0.00165738
0.000449997,0.144806,0.000561475,0.0016046
0.000458871,0.144806,0.000737603,0.00153165
0.000464614,0.144806,0.000904455,0.00143943
0.000467788,0.144806,0.00105993,0.00132911
0.00046878,0.144806,0.00120208,0.00120208
0.000467724,0.144806,0.00132911,0.00105993
0.000464488,0.144806,0.00143943,0.000904455
0.000458688,0.144806,0.00153165,0.000737603
0.000449761,0.144806,0.0016046,0.000561475
0.000437351,0.144806,0.00165738,0.000378286
0.000422852,0.144806,0.00168931,0.00019034
0.000415449,0.144806,0.0017,-3.77476e-19
0.000416109,0.144806,-0.0017,3.77476e-19
0.000423521,0.144806,-0.00168931,0.00019034
0.00043803,0.144806,-0.00165738,0.000378286
0.000450439,0.144806,-0.0016046,0.000561475
0.000459348,0.144806,-0.00153165,0.000737603
0.000465117,0.144806,-0.00143943,0.000904455
0.000468309,0.144806,-0.00132911,0.00105993
0.000469311,0.144806,-0.00120208,0.00120208
0.000468255,0.144806,-0.00105993,0.00132911
0.00046501,0.144806,-0.000904455,0.00143943
0.000459191,0.144806,-0.000737603,0.00153165
0.000450235,0.144806,-0.000561475,0.0016046
0.000437786,0.144806,-0.000378286,0.00165738
0.000423241,0.144806,-0.00019034,0.00168931
0.000415796,0.144806,-3.25308e-17,-0.0017
0.000423242,0.144806,-0.00019034,-0.00168931
0.000437787,0.144806,-0.000378286,-0.00165738
0.000450235,0.144806,-0.000561475,-0.0016046
0.000459191,0.144806,-0.000737603,-0.00153165
0.000465011,0.144806,-0.000904455,-0.00143943
0.000468256,0.144806,-0.00105993,-0.00132911
0.000469312,0.144806,-0.00120208,-0.00120208
0.00046831,0.144806,-0.00132911,-0.00105993
0.000465118,0.144806,-0.00143943,-0.000904455
0.000459348,0.144806,-0.00153165,-0.000737603
0.000450439,0.144806,-0.0016046,-0.000561475
0.00043803,0.144806,-0.00165738,-0.000378286
0.000423521,0.144806,-0.00168931,-0.00019034
0.000422852,0.144806,0.00168931,-0.00019034
0.000437351,0.144806,0.00165738,-0.000378286
0.000449761,0.144806,0.0016046,-0.000561475
0.000458688,0.144806,0.00153165,-0.000737603
0.000464488,0.144806,0.00143943,-0.000904455
0.000467724,0.144806,0.00132911,-0.00105993
0.00046878,0.144806,0.00120208,-0.00120208
0.000467788,0.144806,0.00105993,-0.00132911
0.000464614,0.144806,0.000904455,-0.00143943
0.000458872,0.144806,0.000737603,-0.00153165
0.000449999,0.144806,0.000561475,-0.0016046
0.000437632,0.144806,0.000378286,-0.00165738
0.000423168,0.144806,0.00019034,-0.00168931
0.000415768,0.145147,-3.18517e-17,0.0017
0.000423134,0.145147,0.00019034,0.00168931
0.000437593,0.145147,0.000378286,0.00165738
0.000449954,0.145147,0.000561475,0.0016046
0.000458823,0.145147,0.000737603,0.00153165
0.000464561,0.145147,0.000904455,0.00143943
0.000467732,0.145147,0.00105993,0.00132911
0.00046872,0.145147,0.00120208,0.00120208
0.000467661,0.145147,0.00132911,0.00105993
0.000464422,0.145147,0.00143943,0.000904455
0.00045862,0.145147,0.00153165,0.000737603
0.000449692,0.145147,0.0016046,0.000561475
0.00043728,0.145147,0.00165738,0.000378286
0.000422781,0.145147,0.00168931,0.00019034
0.000415378,0.145147,0.0017,-3.77476e-19
0.000416123,0.145147,-0.0017,3.77476e-19
0.000423534,0.145147,-0.00168931,0.00019034
0.000438041,0.145147,-0.00165738,0.000378286
0.000450447,0.145147,-0.0016046,0.000561475
0.000459355,0.145147,-0.00153165,0.000737603
0.000465121,0.145147,-0.00143943,0.000904455
0.000468311,0.145147,-0.00132911,0.00105993
0.00046931,0.145147,-0.00120208,0.00120208
0.00046825,0.145147,-0.00105993,0.00132911
0.000465001,0.145147,-0.000904455,0.00143943
0.000459178,0.145147,-0.000737603,0.00153165
0.000450219,0.145147,-0.000561475,0.0016046
0.000437766,0.145147,-0.000378286,0.00165738
0.000423216,0.145147,-0.00019034,0.00168931
0.000415768,0.145147,-3.26066e-17,-0.0017
0.000423217,0.145147,-0.00019034,-0.00168931
0.000437767,0.145147,-0.000378286,-0.00165738
0.000450219,0.145147,-0.000561475,-0.0016046
0.000459178,0.145147,-0.000737603,-0.00153165
0.000465002,0.145147,-0.000904455,-0.00143943
0.000468251,0.145147,-0.00105993,-0.00132911
0.00046931,0.145147,-0.00120208,-0.00120208
0.000468311,0.145147,-0.00132911,-0.00105993
0.000465122,0.145147,-0.00143943,-0.000904455
0.000459356,0.145147,-0.00153165,-0.000737603
0.000450448,0.145147,-0.0016046,-0.000561475
0.000438041,0.145147,-0.00165738,-0.000378286
0.000423534,0.145147,-0.00168931,-0.00019034
0.000422782,0.145147,0.00168931,-0.00019034
0.000437281,0.145147,0.00165738,-0.000378286
0.000449692,0.145147,0.0016046,-0.000561475
0.00045862,0.145147,0.00153165,-0.000737603
0.000464423,0.145147,0.00143943,-0.000904455
0.000467661,0.145147,0.00132911,-0.00105993
0.00046872,0.145147,0.00120208,-0.00120208
0.000467732,0.145147,0.00105993,-0.00132911
0.000464561,0.145147,0.000904455,-0.00143943
0.000458823,0.145147,0.000737603,-0.00153165
0.000449954,0.145147,0.000561475,-0.0016046
0.000437594,0.145147,0.000378286,-0.00165738
0.000423135,0.145147,0.00019034,-0.00168931
0.00041574,0.145489,-3.19275e-17,0.0017
0.000423101,0.145489,0.00019034,0.00168931
0.000437554,0.145489,0.000378286,0.00165738
0.00044991,0.145489,0.000561475,0.0016046
0.000458774,0.145489,0.000737603,0.00153165
0.000464507,0.145489,0.000904455,0.00143943
0.000467673,0.145489,0.00105993,0.00132911
0.000468658,0.145489,0.00120208,0.00120208
0.000467595,0.145489,0.00132911,0.00105993
0.000464353,0.145489,0.00143943,0.000904455
0.000458549,0.145489,0.00153165,0.000737603
0.00044962,0.145489,0.0016046,0.000561475
0.000437206,0.145489,0.00165738,0.000378286
0.000422706,0.145489,0.00168931,0.00019034
0.000415302,0.145489,0.0017,-3.77476e-19
0.000416143,0.145489,-0.0017,3.77476e-19
0.000423554,0.145489,-0.00168931,0.00019034
0.000438059,0.145489,-0.00165738,0.000378286
0.000450463,0.145489,-0.0016046,0.000561475
0.000459368,0.145489,-0.00153165,0.000737603
0.000465132,0.145489,-0.00143943,0.000904455
0.000468318,0.145489,-0.00132911,0.00105993
0.000469313,0.145489,-0.00120208,0.00120208
0.000468249,0.145489,-0.00105993,0.00132911
0.000464996,0.145489,-0.000904455,0.00143943
0.000459169,0.145489,-0.000737603,0.00153165
0.000450205,0.145489,-0.000561475,0.0016046
0.000437748,0.145489,-0.000378286,0.00165738
0.000423194,0.145489,-0.00019034,0.00168931
0.00041574,0.145489,-3.26825e-17,-0.0017
0.000423194,0.145489,-0.00019034,-0.00168931
0.000437748,0.145489,-0.000378286,-0.00165738
0.000450206,0.145489,-0.000561475,-0.0016046
0.000459169,0.145489,-0.000737603,-0.00153165
0.000464996,0.145489,-0.000904455,-0.00143943
0.000468249,0.145489,-0.00105993,-0.00132911
0.000469313,0.145489,-0.00120208,-0.00120208
0.000468318,0.145489,-0.00132911,-0.00105993
0.000465132,0.145489,-0.00143943,-0.000904455
0.000459368,0.145489,-0.00153165,-0.000737603
0.000450463,0.145489,-0.0016046,-0.000561475
0.000438059,0.145489,-0.00165738,-0.000378286
0.000423554,0.145489,-0.00168931,-0.00019034
0.000422706,0.145489,0.00168931,-0.00019034
0.000437207,0.145489,0.00165738,-0.000378286
0.00044962,0.145489,0.0016046,-0.000561475
0.000458549,0.145489,0.00153165,-0.000737603
0.000464354,0.145489,0.00143943,-0.000904455
0.000467596,0.145489,0.00132911,-0.00105993
0.000468659,0.145489,0.00120208,-0.00120208
0.000467674,0.145489,0.00105993,-0.00132911
0.000464508,0.145489,0.000904455,-0.00143943
0.000458774,0.145489,0.000737603,-0.00153165
0.000449911,0.145489,0.000561475,-0.0016046
0.000437555,0.145489,0.000378286,-0.00165738
0.000423101,0.145489,0.00019034,-0.00168931
0.000415713,0.14583,-3.20033e-17,0.0017
0.000423068,0.14583,0.00019034,0.00168931
0.000437515,0.14583,0.000378286,0.00165738
0.000449865,0.14583,0.000561475,0.0016046
0.000458723,0.14583,0.000737603,0.00153165
0.000464452,0.14583,0.000904455,0.00143943
0.000467614,0.14583,0.00105993,0.00132911
0.000468593,0.14583,0.00120208,0.00120208
0.000467526,0.14583,0.00132911,0.00105993
0.000464281,0.14583,0.00143943,0.000904455
0.000458474,0.14583,0.00153165,0.000737603
0.000449543,0.14583,0.0016046,0.000561475
0.000437129,0.14583,0.00165738,0.000378286
0.000422627,0.14583,0.00168931,0.00019034
0.000415223,0.14583,0.0017,-3.77476e-19
0.00041617,0.14583,-0.0017,3.77476e-19
0.00042358,0.14583,-0.00168931,0.00019034
0.000438084,0.14583,-0.00165738,0.000378286
0.000450485,0.14583,-0.0016046,0.000561475
0.000459386,0.14583,-0.00153165,0.000737603
0.000465148,0.14583,-0.00143943,0.000904455
0.000468331,0.14583,-0.00132911,0.00105993
0.000469321,0.14583,-0.00120208,0.00120208
0.000468253,0.14583,-0.00105993,0.00132911
0.000464995,0.14583,-0.000904455,0.00143943
0.000459163,0.14583,-0.000737603,0.00153165
0.000450194,0.14583,-0.000561475,0.0016046
0.000437732,0.14583,-0.000378286,0.00165738
0.000423173,0.14583,-0.00019034,0.00168931
0.000415713,0.14583,-3.27583e-17,-0.0017
0.000423174,0.14583,-0.00019034,-0.00168931
0.000437733,0.14583,-0.000378286,-0.00165738
0.000450195,0.14583,-0.000561475,-0.0016046
0.000459163,0.14583,-0.000737603,-0.00153165
0.000464995,0.14583,-0.000904455,-0.00143943
0.000468253,0.14583,-0.00105993,-0.00132911
0.000469321,0.14583,-0.00120208,-0.00120208
0.000468331,0.14583,-0.00132911,-0.00105993
0.000465148,0.14583,-0.00143943,-0.000904455
0.000459386,0.14583,-0.00153165,-0.000737603
0.000450485,0.14583,-0.0016046,-0.000561475
0.000438084,0.14583,-0.00165738,-0.000378286
0.00042358,0.14583,-0.00168931,-0.00019034
0.000422627,0.14583,0.00168931,-0.00019034
0.000437129,0.14583,0.00165738,-0.000378286
0.000449543,0.14583,0.0016046,-0.000561475
0.000458475,0.14583,0.00153165,-0.000737603
0.000464283,0.14583,0.00143943,-0.000904455
0.000467527,0.14583,0.00132911,-0.00105993
0.000468595,0.14583,0.00120208,-0.00120208
0.000467614,0.14583,0.00105993,-0.00132911
0.000464453,0.14583,0.000904455,-0.00143943
0.000458725,0.14583,0.000737603,-0.00153165
0.000449866,0.14583,0.000561475,-0.0016046
0.000437516,0.14583,0.000378286,-0.00165738
0.000423068,0.14583,0.00019034,-0.00168931
0.000415687,0.146172,-3.20791e-17,0.0017
0.000423036,0.146172,0.00019034,0.00168931
0.000437476,0.146172,0.000378286,0.00165738
0.000449819,0.146172,0.000561475,0.0016046
0.000458672,0.146172,0.000737603,0.00153165
0.000464395,0.146172,0.000904455,0.00143943
0.000467551,0.146172,0.00105993,0.00132911
0.000468527,0.146172,0.00120208,0.00120208
0.000467456,0.146172,0.00132911,0.00105993
0.000464207,0.146172,0.00143943,0.000904455
0.000458397,0.146172,0.00153165,0.000737603
0.000449463,0.146172,0.0016046,0.000561475
0.000437047,0.146172,0.00165738,0.000378286
0.000422545,0.146172,0.00168931,0.00019034
0.00041514,0.146172,0.0017,-3.77476e-19
0.000416203,0.146172,-0.0017,3.77476e-19
0.000423612,0.146172,-0.00168931,0.00019034
0.000438114,0.146172,-0.00165738,0.000378286
0.000450513,0.146172,-0.0016046,0.000561475
0.000459411,0.146172,-0.00153165,0.000737603
0.000465168,0.146172,-0.00143943,0.000904455
0.000468347,0.146172,-0.00132911,0.00105993
0.000469334,0.146172,-0.00120208,0.00120208
0.000468262,0.146172,-0.00105993,0.00132911
0.000464999,0.146172,-0.000904455,0.00143943
0.00045916,0.146172,-0.000737603,0.00153165
0.000450186,0.146172,-0.000561475,0.0016046
0.000437719,0.146172,-0.000378286,0.00165738
0.000423154,0.146172,-0.00019034,0.00168931
0.000415688,0.146172,-3.28341e-17,-0.0017
0.000423154,0.146172,-0.00019034,-0.00168931
0.000437719,0.146172,-0.000378286,-0.00165738
0.000450187,0.146172,-0.000561475,-0.0016046
0.000459161,0.146172,-0.000737603,-0.00153165
0.000464999,0.146172,-0.000904455,-0.00143943
0.000468262,0.146172,-0.00105993,-0.00132911
0.000469334,0.146172,-0.00120208,-0.00120208
0.000468347,0.146172,-0.00132911,-0.00105993
0.000465168,0.146172,-0.00143943,-0.000904455
0.000459411,0.146172,-0.00153165,-0.000737603
0.000450513,0.146172,-0.0016046,-0.000561475
0.000438114,0.146172,-0.00165738,-0.000378286
0.000423612,0.146172,-0.00168931,-0.00019034
0.000422545,0.146172,0.00168931,-0.00019034
0.000437047,0.146172,0.00165738,-0.000378286
0.000449463,0.146172,0.0016046,-0.000561475
0.000458397,0.146172,0.00153165,-0.000737603
0.000464208,0.146172,0.00143943,-0.000904455
0.000467456,0.146172,0.00132911,-0.00105993
0.000468527,0.146172,0.00120208,-0.00120208
0.000467552,0.146172,0.00105993,-0.00132911
0.000464395,0.146172,0.000904455,-0.00143943
0.000458673,0.146172,0.000737603,-0.00153165
0.00044982,0.146172,0.000561475,-0.0016046
0.000437476,0.146172,0.000378286,-0.00165738
0.000423037,0.146172,0.00019034,-0.00168931
0.000415662,0.146513,-3.21549e-17,0.0017
0.000423004,0.146513,0.00019034,0.00168931
0.000437437,0.146513,0.000378286,0.00165738
0.000449773,0.146513,0.000561475,0.0016046
0.00045862,0.146513,0.000737603,0.00153165
0.000464337,0.146513,0.000904455,0.00143943
0.000467487,0.146513,0.00105993,0.00132911
0.000468458,0.146513,0.00120208,0.00120208
0.000467383,0.146513,0.00132911,0.00105993
0.000464131,0.146513,0.00143943,0.000904455
0.000458317,0.146513,0.00153165,0.000737603
0.00044938,0.146513,0.0016046,0.000561475
0.000436961,0.146513,0.00165738,0.000378286
0.000422458,0.146513,0.00168931,0.00019034
0.000415054,0.146513,0.0017,-3.77476e-19
0.000416243,0.146513,-0.0017,3.77476e-19
0.00042365,0.146513,-0.00168931,0.00019034
0.00043815,0.146513,-0.00165738,0.000378286
0.000450546,0.146513,-0.0016046,0.000561475
0.000459441,0.146513,-0.00153165,0.000737603
0.000465195,0.146513,-0.00143943,0.000904455
0.000468369,0.146513,-0.00132911,0.00105993
0.000469351,0.146513,-0.00120208,0.00120208
0.000468273,0.146513,-0.00105993,0.00132911
0.000465005,0.146513,-0.000904455,0.00143943
0.000459161,0.146513,-0.000737603,0.00153165
0.000450181,0.146513,-0.000561475,0.0016046
0.000437707,0.146513,-0.000378286,0.00165738
0.000423136,0.146513,-0.00019034,0.00168931
0.000415663,0.146513,-3.29099e-17,-0.0017
0.000423136,0.146513,-0.00019034,-0.00168931
0.000437707,0.146513,-0.000378286,-0.00165738
0.000450182,0.146513,-0.000561475,-0.0016046
0.000459162,0.146513,-0.000737603,-0.00153165
0.000465005,0.146513,-0.000904455,-0.00143943
0.000468273,0.146513,-0.00105993,-0.00132911
0.000469351,0.146513,-0.00120208,-0.00120208
0.000468369,0.146513,-0.00132911,-0.00105993
0.000465195,0.146513,-0.00143943,-0.000904455
0.000459441,0.146513,-0.00153165,-0.000737603
0.000450546,0.146513,-0.0016046,-0.000561475
0.00043815,0.146513,-0.00165738,-0.000378286
0.00042365,0.146513,-0.00168931,-0.00019034
0.000422459,0.146513,0.00168931,-0.00019034
0.000436962,0.146513,0.00165738,-0.000378286
0.00044938,0.146513,0.0016046,-0.000561475
0.000458317,0.146513,0.00153165,-0.000737603
0.000464131,0.146513,0.00143943,-0.000904455
0.000467383,0.146513,0.00132911,-0.00105993
0.000468458,0.146513,0.00120208,-0.00120208
0.000467487,0.146513,0.00105993,-0.00132911
0.000464337,0.146513,0.000904455,-0.00143943
0.00045862,0.146513,0.000737603,-0.00153165
0.000449774,0.146513,0.000561475,-0.0016046
0.000437438,0.146513,0.000378286,-0.00165738
0.000423005,0.146513,0.00019034,-0.00168931
0.00041564,0.146854,-3.22307e-17,0.0017
0.000422974,0.146854,0.00019034,0.00168931
0.000437399,0.146854,0.000378286,0.00165738
0.000449728,0.146854,0.000561475,0.0016046
0.000458567,0.146854,0.000737603,0.00153165
0.000464278,0.146854,0.000904455,0.00143943
0.000467422,0.146854,0.00105993,0.00132911
0.000468387,0.146854,0.00120208,0.00120208
0.000467307,0.146854,0.00132911,0.00105993
0.000464051,0.146854,0.00143943,0.000904455
0.000458234,0.146854,0.00153165,0.000737603
0.000449294,0.146854,0.0016046,0.000561475
0.000436874,0.146854,0.00165738,0.000378286
0.00042237,0.146854,0.00168931,0.00019034
0.000414964,0.146854,0.0017,-3.77476e-19
0.000416286,0.146854,-0.0017,3.77476e-19
0.000423693,0.146854,-0.00168931,0.00019034
0.00043819,0.146854,-0.00165738,0.000378286
0.000450584,0.146854,-0.0016046,0.000561475
0.000459476,0.146854,-0.00153165,0.000737603
0.000465226,0.146854,-0.00143943,0.000904455
0.000468396,0.146854,-0.00132911,0.00105993
0.000469373,0.146854,-0.00120208,0.00120208
0.000468289,0.146854,-0.00105993,0.00132911
0.000465015,0.146854,-0.000904455,0.00143943
0.000459165,0.146854,-0.000737603,0.00153165
0.000450178,0.146854,-0.000561475,0.0016046
0.000437697,0.146854,-0.000378286,0.00165738
0.000423119,0.146854,-0.00019034,0.00168931
0.00041564,0.146854,-3.29857e-17,-0.0017
0.000423119,0.146854,-0.00019034,-0.00168931
0.000437698,0.146854,-0.000378286,-0.00165738
0.000450179,0.146854,-0.000561475,-0.0016046
0.000459166,0.146854,-0.000737603,-0.00153165
0.000465016,0.146854,-0.000904455,-0.00143943
0.000468289,0.146854,-0.00105993,-0.00132911
0.000469373,0.146854,-0.00120208,-0.00120208
0.000468396,0.146854,-0.00132911,-0.00105993
0.000465226,0.146854,-0.00143943,-0.000904455
0.000459476,0.146854,-0.00153165,-0.000737603
0.000450584,0.146854,-0.0016046,-0.000561475
0.00043819,0.146854,-0.00165738,-0.000378286
0.000423693,0.146854,-0.00168931,-0.00019034
0.00042237,0.146854,0.00168931,-0.00019034
0.000436874,0.146854,0.00165738,-0.000378286
0.000449294,0.146854,0.0016046,-0.000561475
0.000458234,0.146854,0.00153165,-0.000737603
0.000464051,0.146854,0.00143943,-0.000904455
0.000467308,0.146854,0.00132911,-0.00105993
0.000468388,0.146854,0.00120208,-0.00120208
0.000467422,0.146854,0.00105993,-0.00132911
0.000464279,0.146854,0.000904455,-0.00143943
0.000458568,0.146854,0.000737603,-0.00153165
0.000449728,0.146854,0.000561475,-0.0016046
0.000437399,0.146854,0.000378286,-0.00165738
0.000422974,0.146854,0.00019034,-0.00168931
0.000415618,0.147196,-3.23066e-17,0.0017
0.000422944,0.147196,0.00019034,0.00168931
0.00043736,0.147196,0.000378286,0.00165738
0.000449682,0.147196,0.000561475,0.0016046
0.000458514,0.147196,0.000737603,0.00153165
0.000464218,0.147196,0.000904455,0.00143943
0.000467356,0.147196,0.00105993,0.00132911
0.000468316,0.147196,0.00120208,0.00120208
0.00046723,0.147196,0.00132911,0.00105993
0.000463969,0.147196,0.00143943,0.000904455
0.000458149,0.147196,0.00153165,0.000737603
0.000449206,0.147196,0.0016046,0.000561475
0.000436784,0.147196,0.00165738,0.000378286
0.000422278,0.147196,0.00168931,0.00019034
0.000414872,0.147196,0.0017,-3.77476e-19
0.000416334,0.147196,-0.0017,3.77476e-19
0.00042374,0.147196,-0.00168931,0.00019034
0.000438235,0.147196,-0.00165738,0.000378286
0.000450626,0.147196,-0.0016046,0.000561475
0.000459515,0.147196,-0.00153165,0.000737603
0.00046526,0.147196,-0.00143943,0.000904455
0.000468425,0.147196,-0.00132911,0.00105993
0.000469398,0.147196,-0.00120208,0.00120208
0.000468309,0.147196,-0.00105993,0.00132911
0.000465027,0.147196,-0.000904455,0.00143943
0.000459171,0.147196,-0.000737603,0.00153165
0.000450177,0.147196,-0.000561475,0.0016046
0.000437689,0.147196,-0.000378286,0.00165738
0.000423105,0.147196,-0.00019034,0.00168931
0.000415618,0.147196,-3.30615e-17,-0.0017
0.000423105,0.147196,-0.00019034,-0.00168931
0.000437691,0.147196,-0.000378286,-0.00165738
0.000450178,0.147196,-0.000561475,-0.0016046
0.000459171,0.147196,-0.000737603,-0.00153165
0.000465028,0.147196,-0.000904455,-0.00143943
0.000468309,0.147196,-0.00105993,-0.00132911
0.000469398,0.147196,-0.00120208,-0.00120208
0.000468425,0.147196,-0.00132911,-0.00105993
0.00046526,0.147196,-0.00143943,-0.000904455
0.000459515,0.147196,-0.00153165,-0.000737603
0.000450626,0.147196,-0.0016046,-0.000561475
0.000438235,0.147196,-0.00165738,-0.000378286
0.00042374,0.147196,-0.00168931,-0.00019034
0.000422278,0.147196,0.00168931,-0.00019034
0.000436784,0.147196,0.00165738,-0.000378286
0.000449206,0.147196,0.0016046,-0.000561475
0.000458149,0.147196,0.00153165,-0.000737603
0.000463969,0.147196,0.00143943,-0.000904455
0.00046723,0.147196,0.00132911,-0.00105993
0.000468316,0.147196,0.00120208,-0.00120208
0.000467356,0.147196,0.00105993,-0.00132911
0.000464218,0.147196,0.000904455,-0.00143943
0.000458515,0.147196,0.000737603,-0.00153165
0.000449682,0.147196,0.000561475,-0.0016046
0.00043736,0.147196,0.000378286,-0.00165738
0.000422944,0.147196,0.00019034,-0.00168931
0.000415596,0.147537,-3.23824e-17,0.0017
0.000422914,0.147537,0.00019034,0.00168931
0.000437322,0.147537,0.000378286,0.00165738
0.000449636,0.147537,0.000561475,0.0016046
0.00045846,0.147537,0.000737603,0.00153165
0.000464156,0.147537,0.000904455,0.00143943
0.000467287,0.147537,0.00105993,0.00132911
0.000468242,0.147537,0.00120208,0.00120208
0.000467152,0.147537,0.00132911,0.00105993
0.000463887,0.147537,0.00143943,0.000904455
0.000458062,0.147537,0.00153165,0.000737603
0.000449116,0.147537,0.0016046,0.000561475
0.000436692,0.147537,0.00165738,0.000378286
0.000422185,0.147537,0.00168931,0.00019034
0.000414778,0.147537,0.0017,-3.77476e-19
0.000416387,0.147537,-0.0017,3.77476e-19
0.000423791,0.147537,-0.00168931,0.00019034
0.000438284,0.147537,-0.00165738,0.000378286
0.000450672,0.147537,-0.0016046,0.000561475
0.000459557,0.147537,-0.00153165,0.000737603
0.000465298,0.147537,-0.00143943,0.000904455
0.000468459,0.147537,-0.00132911,0.00105993
0.000469425,0.147537,-0.00120208,0.00120208
0.000468329,0.147537,-0.00105993,0.00132911
0.000465042,0.147537,-0.000904455,0.00143943
0.000459179,0.147537,-0.000737603,0.00153165
0.000450179,0.147537,-0.000561475,0.0016046
0.000437683,0.147537,-0.000378286,0.00165738
0.000423091,0.147537,-0.00019034,0.00168931
0.000415596,0.147537,-3.31373e-17,-0.0017
0.000423091,0.147537,-0.00019034,-0.00168931
0.000437684,0.147537,-0.000378286,-0.00165738
0.000450179,0.147537,-0.000561475,-0.0016046
0.00045918,0.147537,-0.000737603,-0.00153165
0.000465043,0.147537,-0.000904455,-0.00143943
0.00046833,0.147537,-0.00105993,-0.00132911
0.000469426,0.147537,-0.00120208,-0.00120208
0.000468459,0.147537,-0.00132911,-0.00105993
0.000465298,0.147537,-0.00143943,-0.000904455
0.000459557,0.147537,-0.00153165,-0.000737603
0.000450672,0.147537,-0.0016046,-0.000561475
0.000438284,0.147537,-0.00165738,-0.000378286
0.000423791,0.147537,-0.00168931,-0.00019034
0.000422185,0.147537,0.00168931,-0.00019034
0.000436692,0.147537,0.00165738,-0.000378286
0.000449116,0.147537,0.0016046,-0.000561475
0.000458062,0.147537,0.00153165,-0.000737603
0.000463887,0.147537,0.00143943,-0.000904455
0.000467152,0.147537,0.00132911,-0.00105993
0.000468243,0.147537,0.00120208,-0.00120208
0.000467288,0.147537,0.00105993,-0.00132911
0.000464156,0.147537,0.000904455,-0.00143943
0.000458461,0.147537,0.000737603,-0.00153165
0.000449636,0.147537,0.000561475,-0.0016046
0.000437322,0.147537,0.000378286,-0.00165738
0.000422914,0.147537,0.00019034,-0.00168931
0.000415575,0.147879,-3.24582e-17,0.0017
0.000422885,0.147879,0.00019034,0.00168931
0.000437285,0.147879,0.000378286,0.00165738
0.00044959,0.147879,0.000561475,0.0016046
0.000458407,0.147879,0.000737603,0.00153165
0.000464095,0.147879,0.000904455,0.00143943
0.00046722,0.147879,0.00105993,0.00132911
0.000468168,0.147879,0.00120208,0.00120208
0.000467072,0.147879,0.00132911,0.00105993
0.000463802,0.147879,0.00143943,0.000904455
0.000457973,0.147879,0.00153165,0.000737603
0.000449025,0.147879,0.0016046,0.000561475
0.000436598,0.147879,0.00165738,0.000378286
0.00042209,0.147879,0.00168931,0.00019034
0.000414684,0.147879,0.0017,-3.77476e-19
0.000416442,0.147879,-0.0017,3.77476e-19
0.000423846,0.147879,-0.00168931,0.00019034
0.000438337,0.147879,-0.00165738,0.000378286
0.000450722,0.147879,-0.0016046,0.000561475
0.000459603,0.147879,-0.00153165,0.000737603
0.00046534,0.147879,-0.00143943,0.000904455
0.000468496,0.147879,-0.00132911,0.00105993
0.000469455,0.147879,-0.00120208,0.00120208
0.000468353,0.147879,-0.00105993,0.00132911
0.000465059,0.147879,-0.000904455,0.00143943
0.000459189,0.147879,-0.000737603,0.00153165
0.000450182,0.147879,-0.000561475,0.0016046
0.000437678,0.147879,-0.000378286,0.00165738
0.000423078,0.147879,-0.00019034,0.00168931
0.000415575,0.147879,-3.32131e-17,-0.0017
0.000423078,0.147879,-0.00019034,-0.00168931
0.000437678,0.147879,-0.000378286,-0.00165738
0.000450182,0.147879,-0.000561475,-0.0016046
0.00045919,0.147879,-0.000737603,-0.00153165
0.00046506,0.147879,-0.000904455,-0.00143943
0.000468354,0.147879,-0.00105993,-0.00132911
0.000469456,0.147879,-0.00120208,-0.00120208
0.000468496,0.147879,-0.00132911,-0.00105993
0.00046534,0.147879,-0.00143943,-0.000904455
0.000459602,0.147879,-0.00153165,-0.000737603
0.000450721,0.147879,-0.0016046,-0.000561475
0.000438337,0.147879,-0.00165738,-0.000378286
0.000423846,0.147879,-0.00168931,-0.00019034
0.00042209,0.147879,0.00168931,-0.00019034
0.000436598,0.147879,0.00165738,-0.000378286
0.000449025,0.147879,0.0016046,-0.000561475
0.000457973,0.147879,0.00153165,-0.000737603
0.000463802,0.147879,0.00143943,-0.000904455
0.000467072,0.147879,0.00132911,-0.00105993
0.000468168,0.147879,0.00120208,-0.00120208
0.000467221,0.147879,0.00105993,-0.00132911
0.000464095,0.147879,0.000904455,-0.00143943
0.000458407,0.147879,0.000737603,-0.00153165
0.00044959,0.147879,0.000561475,-0.0016046
0.000437285,0.147879,0.000378286,-0.00165738
0.000422885,0.147879,0.00019034,-0.00168931
0.000415555,0.14822,-3.2534e-17,0.0017
0.000422855,0.14822,0.00019034,0.00168931
0.000437247,0.14822,0.000378286,0.00165738
0.000449545,0.14822,0.000561475,0.0016046
0.000458353,0.14822,0.000737603,0.00153165
0.000464034,0.14822,0.000904455,0.00143943
0.000467152,0.14822,0.00105993,0.00132911
0.000468093,0.14822,0.00120208,0.00120208
0.000466991,0.14822,0.00132911,0.00105993
0.000463717,0.14822,0.00143943,0.000904455
0.000457884,0.14822,0.00153165,0.000737603
0.000448932,0.14822,0.0016046,0.000561475
0.000436504,0.14822,0.00165738,0.000378286
0.000421994,0.14822,0.00168931,0.00019034
0.000414588,0.14822,0.0017,-3.77476e-19
0.000416499,0.14822,-0.0017,3.77476e-19
0.000423903,0.14822,-0.00168931,0.00019034
0.000438392,0.14822,-0.00165738,0.000378286
0.000450774,0.14822,-0.0016046,0.000561475
0.000459651,0.14822,-0.00153165,0.000737603
0.000465383,0.14822,-0.00143943,0.000904455
0.000468533,0.14822,-0.00132911,0.00105993
0.000469488,0.14822,-0.00120208,0.00120208
0.00046838,0.14822,-0.00105993,0.00132911
0.000465079,0.14822,-0.000904455,0.00143943
0.000459201,0.14822,-0.000737603,0.00153165
0.000450186,0.14822,-0.000561475,0.0016046
0.000437675,0.14822,-0.000378286,0.00165738
0.000423067,0.14822,-0.00019034,0.00168931
0.000415555,0.14822,-3.32889e-17,-0.0017
0.000423067,0.14822,-0.00019034,-0.00168931
0.000437675,0.14822,-0.000378286,-0.00165738
0.000450186,0.14822,-0.000561475,-0.0016046
0.000459202,0.14822,-0.000737603,-0.00153165
0.00046508,0.14822,-0.000904455,-0.00143943
0.00046838,0.14822,-0.00105993,-0.00132911
0.000469488,0.14822,-0.00120208,-0.00120208
0.000468533,0.14822,-0.00132911,-0.00105993
0.000465383,0.14822,-0.00143943,-0.000904455
0.00045965,0.14822,-0.00153165,-0.000737603
0.000450773,0.14822,-0.0016046,-0.000561475
0.000438391,0.14822,-0.00165738,-0.000378286
0.000423902,0.14822,-0.00168931,-0.00019034
0.000421994,0.14822,0.00168931,-0.00019034
0.000436504,0.14822,0.00165738,-0.000378286
0.000448932,0.14822,0.0016046,-0.000561475
0.000457884,0.14822,0.00153165,-0.000737603
0.000463717,0.14822,0.00143943,-0.000904455
0.000466991,0.14822,0.00132911,-0.00105993
0.000468093,0.14822,0.00120208,-0.00120208
0.000467152,0.14822,0.00105993,-0.00132911
0.000464034,0.14822,0.000904455,-0.00143943
0.000458353,0.14822,0.000737603,-0.00153165
0.000449545,0.14822,0.000561475,-0.0016046
0.000437247,0.14822,0.000378286,-0.00165738
0.000422855,0.14822,0.00019034,-0.00168931
0.000415535,0.148562,-3.26098e-17,0.0017
0.000422826,0.148562,0.00019034,0.00168931
0.00043721,0.148562,0.000378286,0.00165738
0.000449499,0.148562,0.000561475,0.0016046
0.0004583,0.148562,0.000737603,0.00153165
0.000463973,0.148562,0.000904455,0.00143943
0.000467084,0.148562,0.00105993,0.00132911
0.000468018,0.148562,0.00120208,0.00120208
0.000466911,0.148562,0.00132911,0.00105993
0.000463631,0.148562,0.00143943,0.000904455
0.000457794,0.148562,0.00153165,0.000737603
0.000448839,0.148562,0.0016046,0.000561475
0.000436408,0.148562,0.00165738,0.000378286
0.000421897,0.148562,0.00168931,0.00019034
0.000414491,0.148562,0.0017,-3.77476e-19
0.000416559,0.148562,-0.0017,3.77476e-19
0.000423962,0.148562,-0.00168931,0.00019034
0.000438449,0.148562,-0.00165738,0.000378286
0.000450828,0.148562,-0.0016046,0.000561475
0.000459701,0.148562,-0.00153165,0.000737603
0.000465429,0.148562,-0.00143943,0.000904455
0.000468573,0.148562,-0.00132911,0.00105993
0.000469523,0.148562,-0.00120208,0.00120208
0.000468409,0.148562,-0.00105993,0.00132911
0.000465101,0.148562,-0.000904455,0.00143943
0.000459215,0.148562,-0.000737603,0.00153165
0.000450191,0.148562,-0.000561475,0.0016046
0.000437673,0.148562,-0.000378286,0.00165738
0.000423056,0.148562,-0.00019034,0.00168931
0.000415536,0.148562,-3.33648e-17,-0.0017
0.000423056,0.148562,-0.00019034,-0.00168931
0.000437673,0.148562,-0.000378286,-0.00165738
0.000450192,0.148562,-0.000561475,-0.0016046
0.000459215,0.148562,-0.000737603,-0.00153165
0.000465101,0.148562,-0.000904455,-0.00143943
0.000468409,0.148562,-0.00105993,-0.00132911
0.000469523,0.148562,-0.00120208,-0.00120208
0.000468573,0.148562,-0.00132911,-0.00105993
0.000465429,0.148562,-0.00143943,-0.000904455
0.000459701,0.148562,-0.00153165,-0.000737603
0.000450828,0.148562,-0.0016046,-0.000561475
0.000438448,0.148562,-0.00165738,-0.000378286
0.000423961,0.148562,-0.00168931,-0.00019034
0.000421897,0.148562,0.00168931,-0.00019034
0.000436408,0.148562,0.00165738,-0.000378286
0.000448839,0.148562,0.0016046,-0.000561475
0.000457794,0.148562,0.00153165,-0.000737603
0.000463631,0.148562,0.00143943,-0.000904455
0.000466911,0.148562,0.00132911,-0.00105993
0.000468019,0.148562,0.00120208,-0.00120208
0.000467084,0.148562,0.00105993,-0.00132911
0.000463973,0.148562,0.000904455,-0.00143943
0.0004583,0.148562,0.000737603,-0.00153165
0.000449499,0.148562,0.000561475,-0.0016046
0.00043721,0.148562,0.000378286,-0.00165738
0.000422827,0.148562,0.00019034,-0.00168931
0.000415517,0.148903,-3.26856e-17,0.0017
0.000422799,0.148903,0.00019034,0.00168931
0.000437174,0.148903,0.000378286,0.00165738
0.000449454,0.148903,0.000561475,0.0016046
0.000458246,0.148903,0.000737603,0.00153165
0.000463912,0.148903,0.000904455,0.00143943
0.000467015,0.148903,0.00105993,0.00132911
0.000467944,0.148903,0.00120208,0.00120208
0.000466831,0.148903,0.00132911,0.00105993
0.000463546,0.148903,0.00143943,0.000904455
0.000457705,0.148903,0.00153165,0.000737603
0.000448746,0.148903,0.0016046,0.000561475
0.000436313,0.148903,0.00165738,0.000378286
0.000421801,0.148903,0.00168931,0.00019034
0.000414393,0.148903,0.0017,-3.77476e-19
0.000416621,0.148903,-0.0017,3.77476e-19
0.000424023,0.148903,-0.00168931,0.00019034
0.000438508,0.148903,-0.00165738,0.000378286
0.000450884,0.148903,-0.0016046,0.000561475
0.000459754,0.148903,-0.00153165,0.000737603
0.000465477,0.148903,-0.00143943,0.000904455
0.000468616,0.148903,-0.00132911,0.00105993
0.000469559,0.148903,-0.00120208,0.00120208
0.000468439,0.148903,-0.00105993,0.00132911
0.000465124,0.148903,-0.000904455,0.00143943
0.00045923,0.148903,-0.000737603,0.00153165
0.000450198,0.148903,-0.000561475,0.0016046
0.000437671,0.148903,-0.000378286,0.00165738
0.000423046,0.148903,-0.00019034,0.00168931
0.000415517,0.148903,-3.34406e-17,-0.0017
0.000423046,0.148903,-0.00019034,-0.00168931
0.000437672,0.148903,-0.000378286,-0.00165738
0.000450198,0.148903,-0.000561475,-0.0016046
0.00045923,0.148903,-0.000737603,-0.00153165
0.000465124,0.148903,-0.000904455,-0.00143943
0.000468439,0.148903,-0.00105993,-0.00132911
0.000469559,0.148903,-0.00120208,-0.00120208
0.000468616,0.148903,-0.00132911,-0.00105993
0.000465477,0.148903,-0.00143943,-0.000904455
0.000459754,0.148903,-0.00153165,-0.000737603
0.000450884,0.148903,-0.0016046,-0.000561475
0.000438508,0.148903,-0.00165738,-0.000378286
0.000424023,0.148903,-0.00168931,-0.00019034
0.000421801,0.148903,0.00168931,-0.00019034
0.000436313,0.148903,0.00165738,-0.000378286
0.000448746,0.148903,0.0016046,-0.000561475
0.000457705,0.148903,0.00153165,-0.000737603
0.000463546,0.148903,0.00143943,-0.000904455
0.000466831,0.148903,0.00132911,-0.00105993
0.000467944,0.148903,0.00120208,-0.00120208
0.000467016,0.148903,0.00105993,-0.00132911
0.000463912,0.148903,0.000904455,-0.00143943
0.000458246,0.148903,0.000737603,-0.00153165
0.000449454,0.148903,0.000561475,-0.0016046
0.000437174,0.148903,0.000378286,-0.00165738
0.0004228,0.148903,0.00019034,-0.00168931
0.0004155,0.149244,-3.27614e-17,0.0017
0.000422773,0.149244,0.00019034,0.00168931
0.000437138,0.149244,0.000378286,0.00165738
0.000449409,0.149244,0.000561475,0.0016046
0.000458193,0.149244,0.000737603,0.00153165
0.000463851,0.149244,0.000904455,0.00143943
0.000466947,0.149244,0.00105993,0.00132911
0.000467869,0.149244,0.00120208,0.00120208
0.000466751,0.149244,0.00132911,0.00105993
0.000463461,0.149244,0.00143943,0.000904455
0.000457615,0.149244,0.00153165,0.000737603
0.000448653,0.149244,0.0016046,0.000561475
0.000436217,0.149244,0.00165738,0.000378286
0.000421703,0.149244,0.00168931,0.00019034
0.000414295,0.149244,0.0017,-3.77476e-19
0.000416686,0.149244,-0.0017,3.77476e-19
0.000424087,0.149244,-0.00168931,0.00019034
0.000438569,0.149244,-0.00165738,0.000378286
0.000450942,0.149244,-0.0016046,0.000561475
0.000459808,0.149244,-0.00153165,0.000737603
0.000465526,0.149244,-0.00143943,0.000904455
0.000468659,0.149244,-0.00132911,0.00105993
0.000469597,0.149244,-0.00120208,0.00120208
0.000468469,0.149244,-0.00105993,0.00132911
0.000465147,0.149244,-0.000904455,0.00143943
0.000459245,0.149244,-0.000737603,0.00153165
0.000450206,0.149244,-0.000561475,0.0016046
0.000437671,0.149244,-0.000378286,0.00165738
0.000423038,0.149244,-0.00019034,0.00168931
0.0004155,0.149244,-3.35164e-17,-0.0017
0.000423038,0.149244,-0.00019034,-0.00168931
0.000437671,0.149244,-0.000378286,-0.00165738
0.000450206,0.149244,-0.000561475,-0.0016046
0.000459245,0.149244,-0.000737603,-0.00153165
0.000465147,0.149244,-0.000904455,-0.00143943
0.000468469,0.149244,-0.00105993,-0.00132911
0.000469597,0.149244,-0.00120208,-0.00120208
0.000468659,0.149244,-0.00132911,-0.00105993
0.000465526,0.149244,-0.00143943,-0.000904455
0.000459808,0.149244,-0.00153165,-0.000737603
0.000450942,0.149244,-0.0016046,-0.000561475
0.000438569,0.149244,-0.00165738,-0.000378286
0.000424087,0.149244,-0.00168931,-0.00019034
0.000421703,0.149244,0.00168931,-0.00019034
0.000436217,0.149244,0.00165738,-0.000378286
0.000448653,0.149244,0.0016046,-0.000561475
0.000457615,0.149244,0.00153165,-0.000737603
0.000463461,0.149244,0.00143943,-0.000904455
0.000466751,0.149244,0.00132911,-0.00105993
0.000467869,0.149244,0.00120208,-0.00120208
0.000466947,0.149244,0.00105993,-0.00132911
0.000463851,0.149244,0.000904455,-0.00143943
0.000458193,0.149244,0.000737603,-0.00153165
0.000449409,0.149244,0.000561475,-0.0016046
0.000437138,0.149244,0.000378286,-0.00165738
0.000422773,0.149244,0.00019034,-0.00168931
0.000415483,0.149586,-3.28372e-17,0.0017
0.000422747,0.149586,0.00019034,0.00168931
0.000437102,0.149586,0.000378286,0.00165738
0.000449365,0.149586,0.000561475,0.0016046
0.000458141,0.149586,0.000737603,0.00153165
0.000463791,0.149586,0.000904455,0.00143943
0.000466879,0.149586,0.00105993,0.00132911
0.000467795,0.149586,0.00120208,0.00120208
0.000466671,0.149586,0.00132911,0.00105993
0.000463375,0.149586,0.00143943,0.000904455
0.000457525,0.149586,0.00153165,0.000737603
0.00044856,0.149586,0.0016046,0.000561475
0.000436121,0.149586,0.00165738,0.000378286
0.000421606,0.149586,0.00168931,0.00019034
0.000414198,0.149586,0.0017,-3.77476e-19
0.00041675,0.149586,-0.0017,3.77476e-19
0.00042415,0.149586,-0.00168931,0.00019034
0.000438631,0.149586,-0.00165738,0.000378286
0.000451001,0.149586,-0.0016046,0.000561475
0.000459862,0.149586,-0.00153165,0.000737603
0.000465575,0.149586,-0.00143943,0.000904455
0.000468704,0.149586,-0.00132911,0.00105993
0.000469635,0.149586,-0.00120208,0.00120208
0.000468501,0.149586,-0.00105993,0.00132911
0.000465171,0.149586,-0.000904455,0.00143943
0.000459262,0.149586,-0.000737603,0.00153165
0.000450214,0.149586,-0.000561475,0.0016046
0.000437671,0.149586,-0.000378286,0.00165738
0.00042303,0.149586,-0.00019034,0.00168931
0.000415483,0.149586,-3.35922e-17,-0.0017
0.00042303,0.149586,-0.00019034,-0.00168931
0.000437671,0.149586,-0.000378286,-0.00165738
0.000450214,0.149586,-0.000561475,-0.0016046
0.000459262,0.149586,-0.000737603,-0.00153165
0.000465171,0.149586,-0.000904455,-0.00143943
0.000468501,0.149586,-0.00105993,-0.00132911
0.000469635,0.149586,-0.00120208,-0.00120208
0.000468704,0.149586,-0.00132911,-0.00105993
0.000465575,0.149586,-0.00143943,-0.000904455
0.000459862,0.149586,-0.00153165,-0.000737603
0.000451,0.149586,-0.0016046,-0.000561475
0.000438631,0.149586,-0.00165738,-0.000378286
0.00042415,0.149586,-0.00168931,-0.00019034
0.000421606,0.149586,0.00168931,-0.00019034
0.000436121,0.149586,0.00165738,-0.000378286
0.00044856,0.149586,0.0016046,-0.000561475
0.000457525,0.149586,0.00153165,-0.000737603
0.000463375,0.149586,0.00143943,-0.000904455
0.000466671,0.149586,0.00132911,-0.00105993
0.000467795,0.149586,0.00120208,-0.00120208
0.000466879,0.149586,0.00105993,-0.00132911
0.000463791,0.149586,0.000904455,-0.00143943
0.000458141,0.149586,0.000737603,-0.00153165
0.000449365,0.149586,0.000561475,-0.0016046
0.000437102,0.149586,0.000378286,-0.00165738
0.000422747,0.149586,0.00019034,-0.00168931
0.000415467,0.149927,-3.29131e-17,0.0017
0.000422722,0.149927,0.00019034,0.00168931
0.000437068,0.149927,0.000378286,0.00165738
0.000449322,0.149927,0.000561475,0.0016046
0.000458089,0.149927,0.000737603,0.00153165
0.000463731,0.149927,0.000904455,0.00143943
0.000466813,0.149927,0.00105993,0.00132911
0.000467722,0.149927,0.00120208,0.00120208
0.000466591,0.149927,0.00132911,0.00105993
0.000463291,0.149927,0.00143943,0.000904455
0.000457436,0.149927,0.00153165,0.000737603
0.000448468,0.149927,0.0016046,0.000561475
0.000436027,0.149927,0.00165738,0.000378286
0.00042151,0.149927,0.00168931,0.00019034
0.000414101,0.149927,0.0017,-3.77476e-19
0.000416816,0.149927,-0.0017,3.77476e-19
0.000424215,0.149927,-0.00168931,0.00019034
0.000438694,0.149927,-0.00165738,0.000378286
0.00045106,0.149927,-0.0016046,0.000561475
0.000459918,0.149927,-0.00153165,0.000737603
0.000465627,0.149927,-0.00143943,0.000904455
0.00046875,0.149927,-0.00132911,0.00105993
0.000469675,0.149927,-0.00120208,0.00120208
0.000468534,0.149927,-0.00105993,0.00132911
0.000465197,0.149927,-0.000904455,0.00143943
0.00045928,0.149927,-0.000737603,0.00153165
0.000450224,0.149927,-0.000561475,0.0016046
0.000437672,0.149927,-0.000378286,0.00165738
0.000423022,0.149927,-0.00019034,0.00168931
0.000415467,0.149927,-3.3668e-17,-0.0017
0.000423022,0.149927,-0.00019034,-0.00168931
0.000437672,0.149927,-0.000378286,-0.00165738
0.000450224,0.149927,-0.000561475,-0.0016046
0.00045928,0.149927,-0.000737603,-0.00153165
0.000465197,0.149927,-0.000904455,-0.00143943
0.000468534,0.149927,-0.00105993,-0.00132911
0.000469675,0.149927,-0.00120208,-0.00120208
0.00046875,0.149927,-0.00132911,-0.00105993
0.000465627,0.149927,-0.00143943,-0.000904455
0.000459918,0.149927,-0.00153165,-0.000737603
0.000451059,0.149927,-0.0016046,-0.000561475
0.000438692,0.149927,-0.00165738,-0.000378286
0.000424215,0.149927,-0.00168931,-0.00019034
0.00042151,0.149927,0.00168931,-0.00019034
0.000436027,0.149927,0.00165738,-0.000378286
0.000448468,0.149927,0.0016046,-0.000561475
0.000457436,0.149927,0.00153165,-0.000737603
0.000463291,0.149927,0.00143943,-0.000904455
0.000466591,0.149927,0.00132911,-0.00105993
0.000467722,0.149927,0.00120208,-0.00120208
0.000466813,0.149927,0.00105993,-0.00132911
0.000463731,0.149927,0.000904455,-0.00143943
0.000458089,0.149927,0.000737603,-0.00153165
0.000449322,0.149927,0.000561475,-0.0016046
0.000437068,0.149927,0.000378286,-0.00165738
0.000422722,0.149927,0.00019034,-0.00168931
0.000415452,0.150269,-3.29889e-17,0.0017
0.000422697,0.150269,0.00019034,0.00168931
0.000437034,0.150269,0.000378286,0.00165738
0.000449279,0.150269,0.000561475,0.0016046
0.000458038,0.150269,0.000737603,0.00153165
0.000463672,0.150269,0.000904455,0.00143943
0.000466747,0.150269,0.00105993,0.00132911
0.000467649,0.150269,0.00120208,0.00120208
0.000466512,0.150269,0.00132911,0.00105993
0.000463207,0.150269,0.00143943,0.000904455
0.000457348,0.150269,0.00153165,0.000737603
0.000448376,0.150269,0.0016046,0.000561475
0.000435933,0.150269,0.00165738,0.000378286
0.000421414,0.150269,0.00168931,0.00019034
0.000414004,0.150269,0.0017,-3.77476e-19
0.000416882,0.150269,-0.0017,3.77476e-19
0.00042428,0.150269,-0.00168931,0.00019034
0.000438757,0.150269,-0.00165738,0.000378286
0.00045112,0.150269,-0.0016046,0.000561475
0.000459974,0.150269,-0.00153165,0.000737603
0.000465678,0.150269,-0.00143943,0.000904455
0.000468795,0.150269,-0.00132911,0.00105993
0.000469714,0.150269,-0.00120208,0.00120208
0.000468567,0.150269,-0.00105993,0.00132911
0.000465222,0.150269,-0.000904455,0.00143943
0.000459298,0.150269,-0.000737603,0.00153165
0.000450234,0.150269,-0.000561475,0.0016046
0.000437674,0.150269,-0.000378286,0.00165738
0.000423015,0.150269,-0.00019034,0.00168931
0.000415452,0.150269,-3.37438e-17,-0.0017
0.000423015,0.150269,-0.00019034,-0.00168931
0.000437674,0.150269,-0.000378286,-0.00165738
0.000450234,0.150269,-0.000561475,-0.0016046
0.000459298,0.150269,-0.000737603,-0.00153165
0.000465222,0.150269,-0.000904455,-0.00143943
0.000468567,0.150269,-0.00105993,-0.00132911
0.000469714,0.150269,-0.00120208,-0.00120208
0.000468795,0.150269,-0.00132911,-0.00105993
0.000465678,0.150269,-0.00143943,-0.000904455
0.000459974,0.150269,-0.00153165,-0.000737603
0.00045112,0.150269,-0.0016046,-0.000561475
0.000438756,0.150269,-0.00165738,-0.000378286
0.00042428,0.150269,-0.00168931,-0.00019034
0.000421414,0.150269,0.00168931,-0.00019034
0.000435933,0.150269,0.00165738,-0.000378286
0.000448376,0.150269,0.0016046,-0.000561475
0.000457348,0.150269,0.00153165,-0.000737603
0.000463207,0.150269,0.00143943,-0.000904455
0.000466512,0.150269,0.00132911,-0.00105993
0.000467649,0.150269,0.00120208,-0.00120208
0.000466747,0.150269,0.00105993,-0.00132911
0.000463672,0.150269,0.000904455,-0.00143943
0.000458038,0.150269,0.000737603,-0.00153165
0.000449279,0.150269,0.000561475,-0.0016046
0.000437034,0.150269,0.000378286,-0.00165738
0.000422697,0.150269,0.00019034,-0.00168931
0.000415437,0.15061,-3.30647e-17,0.0017
0.000422674,0.15061,0.00019034,0.00168931
0.000437001,0.15061,0.000378286,0.00165738
0.000449237,0.15061,0.000561475,0.0016046
0.000457987,0.15061,0.000737603,0.00153165
0.000463614,0.15061,0.000904455,0.00143943
0.000466681,0.15061,0.00105993,0.00132911
0.000467577,0.15061,0.00120208,0.00120208
0.000466434,0.15061,0.00132911,0.00105993
0.000463123,0.15061,0.00143943,0.000904455
0.00045726,0.15061,0.00153165,0.000737603
0.000448285,0.15061,0.0016046,0.000561475
0.000435839,0.15061,0.00165738,0.000378286
0.000421319,0.15061,0.00168931,0.00019034
0.000413908,0.15061,0.0017,-3.77476e-19
0.00041695,0.15061,-0.0017,3.77476e-19
0.000424347,0.15061,-0.00168931,0.00019034
0.000438821,0.15061,-0.00165738,0.000378286
0.000451182,0.15061,-0.0016046,0.000561475
0.000460032,0.15061,-0.00153165,0.000737603
0.000465731,0.15061,-0.00143943,0.000904455
0.000468843,0.15061,-0.00132911,0.00105993
0.000469756,0.15061,-0.00120208,0.00120208
0.000468602,0.15061,-0.00105993,0.00132911
0.00046525,0.15061,-0.000904455,0.00143943
0.000459318,0.15061,-0.000737603,0.00153165
0.000450245,0.15061,-0.000561475,0.0016046
0.000437676,0.15061,-0.000378286,0.00165738
0.000423009,0.15061,-0.00019034,0.00168931
0.000415437,0.15061,-3.38196e-17,-0.0017
0.000423009,0.15061,-0.00019034,-0.00168931
0.000437676,0.15061,-0.000378286,-0.00165738
0.000450245,0.15061,-0.000561475,-0.0016046
0.000459318,0.15061,-0.000737603,-0.00153165
0.00046525,0.15061,-0.000904455,-0.00143943
0.000468602,0.15061,-0.00105993,-0.00132911
0.000469756,0.15061,-0.00120208,-0.00120208
0.000468843,0.15061,-0.00132911,-0.00105993
0.000465731,0.15061,-0.00143943,-0.000904455
0.000460032,0.15061,-0.00153165,-0.000737603
0.000451181,0.15061,-0.0016046,-0.000561475
0.000438821,0.15061,-0.00165738,-0.000378286
0.000424347,0.15061,-0.00168931,-0.00019034
0.000421318,0.15061,0.00168931,-0.00019034
0.000435838,0.15061,0.00165738,-0.000378286
0.000448285,0.15061,0.0016046,-0.000561475
0.00045726,0.15061,0.00153165,-0.000737603
0.000463123,0.15061,0.00143943,-0.000904455
0.000466434,0.15061,0.00132911,-0.00105993
0.000467577,0.15061,0.00120208,-0.00120208
0.000466681,0.15061,0.00105993,-0.00132911
0.000463614,0.15061,0.000904455,-0.00143943
0.000457987,0.15061,0.000737603,-0.00153165
0.000449237,0.15061,0.000561475,-0.0016046
0.000437001,0.15061,0.000378286,-0.00165738
0.000422674,0.15061,0.00019034,-0.00168931
0.000415421,0.150951,-3.31405e-17,0.0017
0.000422649,0.150951,0.00019034,0.00168931
0.000436968,0.150951,0.000378286,0.00165738
0.000449194,0.150951,0.000561475,0.0016046
0.000457936,0.150951,0.000737603,0.00153165
0.000463555,0.150951,0.000904455,0.00143943
0.000466615,0.150951,0.00105993,0.00132911
0.000467504,0.150951,0.00120208,0.00120208
0.000466355,0.150951,0.00132911,0.00105993
0.00046304,0.150951,0.00143943,0.000904455
0.000457172,0.150951,0.00153165,0.000737603
0.000448194,0.150951,0.0016046,0.000561475
0.000435746,0.150951,0.00165738,0.000378286
0.000421224,0.150951,0.00168931,0.00019034
0.000413813,0.150951,0.0017,-3.77476e-19
0.000417014,0.150951,-0.0017,3.77476e-19
0.000424411,0.150951,-0.00168931,0.00019034
0.000438884,0.150951,-0.00165738,0.000378286
0.000451242,0.150951,-0.0016046,0.000561475
0.000460088,0.150951,-0.00153165,0.000737603
0.000465783,0.150951,-0.00143943,0.000904455
0.00046889,0.150951,-0.00132911,0.00105993
0.000469796,0.150951,-0.00120208,0.00120208
0.000468635,0.150951,-0.00105993,0.00132911
0.000465276,0.150951,-0.000904455,0.00143943
0.000459336,0.150951,-0.000737603,0.00153165
0.000450256,0.150951,-0.000561475,0.0016046
0.000437678,0.150951,-0.000378286,0.00165738
0.000423002,0.150951,-0.00019034,0.00168931
0.000415421,0.150951,-3.38954e-17,-0.0017
0.000423002,0.150951,-0.00019034,-0.00168931
0.000437678,0.150951,-0.000378286,-0.00165738
0.000450256,0.150951,-0.000561475,-0.0016046
0.000459336,0.150951,-0.000737603,-0.00153165
0.000465276,0.150951,-0.000904455,-0.00143943
0.000468635,0.150951,-0.00105993,-0.00132911
0.000469796,0.150951,-0.00120208,-0.00120208
0.00046889,0.150951,-0.00132911,-0.00105993
0.000465783,0.150951,-0.00143943,-0.000904455
0.000460088,0.150951,-0.00153165,-0.000737603
0.00045124,0.150951,-0.0016046,-0.000561475
0.000438883,0.150951,-0.00165738,-0.000378286
0.000424411,0.150951,-0.00168931,-0.00019034
0.000421224,0.150951,0.00168931,-0.00019034
0.000435745,0.150951,0.00165738,-0.000378286
0.000448194,0.150951,0.0016046,-0.000561475
0.000457172,0.150951,0.00153165,-0.000737603
0.00046304,0.150951,0.00143943,-0.000904455
0.000466355,0.150951,0.00132911,-0.00105993
0.000467504,0.150951,0.00120208,-0.00120208
0.000466615,0.150951,0.00105993,-0.00132911
0.000463555,0.150951,0.000904455,-0.00143943
0.000457936,0.150951,0.000737603,-0.00153165
0.000449194,0.150951,0.000561475,-0.0016046
0.000436968,0.150951,0.000378286,-0.00165738
0.000422649,0.150951,0.00019034,-0.00168931
0.000415409,0.151293,-3.32163e-17,0.0017
0.000422627,0.151293,0.00019034,0.00168931
0.000436936,0.151293,0.000378286,0.00165738
0.000449155,0.151293,0.000561475,0.0016046
0.000457888,0.151293,0.000737603,0.00153165
0.000463498,0.151293,0.000904455,0.00143943
0.00046655,0.151293,0.00105993,0.00132911
0.000467432,0.151293,0.00120208,0.00120208
0.000466277,0.151293,0.00132911,0.00105993
0.000462956,0.151293,0.00143943,0.000904455
0.000457085,0.151293,0.00153165,0.000737603
0.000448102,0.151293,0.0016046,0.000561475
0.000435652,0.151293,0.00165738,0.000378286
0.000421129,0.151293,0.00168931,0.00019034
0.000413718,0.151293,0.0017,-3.77476e-19
0.000417088,0.151293,-0.0017,3.77476e-19
0.000424485,0.151293,-0.00168931,0.00019034
0.000438955,0.151293,-0.00165738,0.000378286
0.000451309,0.151293,-0.0016046,0.000561475
0.000460151,0.151293,-0.00153165,0.000737603
0.000465842,0.151293,-0.00143943,0.000904455
0.000468943,0.151293,-0.00132911,0.00105993
0.000469843,0.151293,-0.00120208,0.00120208
0.000468675,0.151293,-0.00105993,0.00132911
0.000465308,0.151293,-0.000904455,0.00143943
0.000459361,0.151293,-0.000737603,0.00153165
0.000450271,0.151293,-0.000561475,0.0016046
0.000437685,0.151293,-0.000378286,0.00165738
0.000423,0.151293,-0.00019034,0.00168931
0.000415409,0.151293,-3.39712e-17,-0.0017
0.000423,0.151293,-0.00019034,-0.00168931
0.000437685,0.151293,-0.000378286,-0.00165738
0.000450271,0.151293,-0.000561475,-0.0016046
0.000459361,0.151293,-0.000737603,-0.00153165
0.000465308,0.151293,-0.000904455,-0.00143943
0.000468675,0.151293,-0.00105993,-0.00132911
0.000469843,0.151293,-0.00120208,-0.00120208
0.000468943,0.151293,-0.00132911,-0.00105993
0.000465842,0.151293,-0.00143943,-0.000904455
0.000460151,0.151293,-0.00153165,-0.000737603
0.000451308,0.151293,-0.0016046,-0.000561475
0.000438953,0.151293,-0.00165738,-0.000378286
0.000424484,0.151293,-0.00168931,-0.00019034
0.000421129,0.151293,0.00168931,-0.00019034
0.000435651,0.151293,0.00165738,-0.000378286
0.000448102,0.151293,0.0016046,-0.000561475
0.000457085,0.151293,0.00153165,-0.000737603
0.000462956,0.151293,0.00143943,-0.000904455
0.000466277,0.151293,0.00132911,-0.00105993
0.000467432,0.151293,0.00120208,-0.00120208
0.00046655,0.151293,0.00105993,-0.00132911
0.000463498,0.151293,0.000904455,-0.00143943
0.000457888,0.151293,0.000737603,-0.00153165
0.000449155,0.151293,0.000561475,-0.0016046
0.000436936,0.151293,0.000378286,-0.00165738
0.000422627,0.151293,0.00019034,-0.00168931
0.000415392,0.151634,-3.32921e-17,0.0017
0.000422601,0.151634,0.00019034,0.00168931
0.000436901,0.151634,0.000378286,0.00165738
0.000449111,0.151634,0.000561475,0.0016046
0.000457836,0.151634,0.000737603,0.00153165
0.000463439,0.151634,0.000904455,0.00143943
0.000466484,0.151634,0.00105993,0.00132911
0.000467359,0.151634,0.00120208,0.00120208
0.000466199,0.151634,0.00132911,0.00105993
0.000462873,0.151634,0.00143943,0.000904455
0.000456998,0.151634,0.00153165,0.000737603
0.000448013,0.151634,0.0016046,0.000561475
0.000435559,0.151634,0.00165738,0.000378286
0.000421034,0.151634,0.00168931,0.00019034
0.000413622,0.151634,0.0017,-3.77476e-19
0.00041715,0.151634,-0.0017,3.77476e-19
0.000424546,0.151634,-0.00168931,0.00019034
0.000439014,0.151634,-0.00165738,0.000378286
0.000451365,0.151634,-0.0016046,0.000561475
0.000460204,0.151634,-0.00153165,0.000737603
0.00046589,0.151634,-0.00143943,0.000904455
0.000468986,0.151634,-0.00132911,0.00105993
0.00046988,0.151634,-0.00120208,0.00120208
0.000468705,0.151634,-0.00105993,0.00132911
0.000465332,0.151634,-0.000904455,0.00143943
0.000459376,0.151634,-0.000737603,0.00153165
0.000450279,0.151634,-0.000561475,0.0016046
0.000437685,0.151634,-0.000378286,0.00165738
0.000422991,0.151634,-0.00019034,0.00168931
0.000415392,0.151634,-3.40471e-17,-0.0017
0.000422991,0.151634,-0.00019034,-0.00168931
0.000437685,0.151634,-0.000378286,-0.00165738
0.000450279,0.151634,-0.000561475,-0.0016046
0.000459376,0.151634,-0.000737603,-0.00153165
0.000465331,0.151634,-0.000904455,-0.00143943
0.000468705,0.151634,-0.00105993,-0.00132911
0.00046988,0.151634,-0.00120208,-0.00120208
0.000468986,0.151634,-0.00132911,-0.00105993
0.00046589,0.151634,-0.00143943,-0.000904455
0.000460204,0.151634,-0.00153165,-0.000737603
0.000451364,0.151634,-0.0016046,-0.000561475
0.000439013,0.151634,-0.00165738,-0.000378286
0.000424545,0.151634,-0.00168931,-0.00019034
0.000421034,0.151634,0.00168931,-0.00019034
0.000435558,0.151634,0.00165738,-0.000378286
0.000448012,0.151634,0.0016046,-0.000561475
0.000456998,0.151634,0.00153165,-0.000737603
0.000462873,0.151634,0.00143943,-0.000904455
0.000466199,0.151634,0.00132911,-0.00105993
0.000467359,0.151634,0.00120208,-0.00120208
0.000466484,0.151634,0.00105993,-0.00132911
0.000463439,0.151634,0.000904455,-0.00143943
0.000457836,0.151634,0.000737603,-0.00153165
0.000449111,0.151634,0.000561475,-0.0016046
0.000436901,0.151634,0.000378286,-0.00165738
0.000422601,0.151634,0.00019034,-0.00168931
0.000415385,0.151976,-3.33679e-17,0.0017
0.000422584,0.151976,0.00019034,0.00168931
0.000436875,0.151976,0.000378286,0.00165738
0.000449073,0.151976,0.000561475,0.0016046
0.000457788,0.151976,0.000737603,0.00153165
0.000463382,0.151976,0.000904455,0.00143943
0.000466419,0.151976,0.00105993,0.00132911
0.000467286,0.151976,0.00120208,0.00120208
0.000466118,0.151976,0.00132911,0.00105993
0.000462786,0.151976,0.00143943,0.000904455
0.000456906,0.151976,0.00153165,0.000737603
0.000447916,0.151976,0.0016046,0.000561475
0.00043546,0.151976,0.00165738,0.000378286
0.000420932,0.151976,0.00168931,0.00019034
0.000413519,0.151976,0.0017,-3.77476e-19
0.000417241,0.151976,-0.0017,3.77476e-19
0.000424635,0.151976,-0.00168931,0.00019034
0.0004391,0.151976,-0.00165738,0.000378286
0.000451449,0.151976,-0.0016046,0.000561475
0.000460283,0.151976,-0.00153165,0.000737603
0.000465964,0.151976,-0.00143943,0.000904455
0.000469054,0.151976,-0.00132911,0.00105993
0.000469941,0.151976,-0.00120208,0.00120208
0.000468757,0.151976,-0.00105993,0.00132911
0.000465375,0.151976,-0.000904455,0.00143943
0.00045941,0.151976,-0.000737603,0.00153165
0.000450304,0.151976,-0.000561475,0.0016046
0.0004377,0.151976,-0.000378286,0.00165738
0.000422995,0.151976,-0.00019034,0.00168931
0.000415385,0.151976,-3.41229e-17,-0.0017
0.000422995,0.151976,-0.00019034,-0.00168931
0.0004377,0.151976,-0.000378286,-0.00165738
0.000450304,0.151976,-0.000561475,-0.0016046
0.00045941,0.151976,-0.000737603,-0.00153165
0.000465375,0.151976,-0.000904455,-0.00143943
0.000468757,0.151976,-0.00105993,-0.00132911
0.000469941,0.151976,-0.00120208,-0.00120208
0.000469054,0.151976,-0.00132911,-0.00105993
0.000465964,0.151976,-0.00143943,-0.000904455
0.000460283,0.151976,-0.00153165,-0.000737603
0.000451449,0.151976,-0.0016046,-0.000561475
0.0004391,0.151976,-0.00165738,-0.000378286
0.000424635,0.151976,-0.00168931,-0.00019034
0.000420931,0.151976,0.00168931,-0.00019034
0.000435458,0.151976,0.00165738,-0.000378286
0.000447916,0.151976,0.0016046,-0.000561475
0.000456906,0.151976,0.00153165,-0.000737603
0.000462786,0.151976,0.00143943,-0.000904455
0.000466118,0.151976,0.00132911,-0.00105993
0.000467286,0.151976,0.00120208,-0.00120208
0.000466419,0.151976,0.00105993,-0.00132911
0.000463382,0.151976,0.000904455,-0.00143943
0.000457788,0.151976,0.000737603,-0.00153165
0.000449073,0.151976,0.000561475,-0.0016046
0.000436875,0.151976,0.000378286,-0.00165738
0.000422584,0.151976,0.00019034,-0.00168931
0.000415362,0.152317,-3.34437e-17,0.0017
0.000422552,0.152317,0.00019034,0.00168931
0.000436834,0.152317,0.000378286,0.00165738
0.000449025,0.152317,0.000561475,0.0016046
0.000457733,0.152317,0.000737603,0.00153165
0.00046332,0.152317,0.000904455,0.00143943
0.00046635,0.152317,0.00105993,0.00132911
0.000467211,0.152317,0.00120208,0.00120208
0.000466039,0.152317,0.00132911,0.00105993
0.000462702,0.152317,0.00143943,0.000904455
0.000456817,0.152317,0.00153165,0.000737603
0.000447825,0.152317,0.0016046,0.000561475
0.000435367,0.152317,0.00165738,0.000378286
0.00042084,0.152317,0.00168931,0.00019034
0.000413426,0.152317,0.0017,-3.77476e-19
0.00041729,0.152317,-0.0017,3.77476e-19
0.000424683,0.152317,-0.00168931,0.00019034
0.000439145,0.152317,-0.00165738,0.000378286
0.00045149,0.152317,-0.0016046,0.000561475
0.000460321,0.152317,-0.00153165,0.000737603
0.000465998,0.152317,-0.00143943,0.000904455
0.000469083,0.152317,-0.00132911,0.00105993
0.000469965,0.152317,-0.00120208,0.00120208
0.000468776,0.152317,-0.00105993,0.00132911
0.000465387,0.152317,-0.000904455,0.00143943
0.000459415,0.152317,-0.000737603,0.00153165
0.000450302,0.152317,-0.000561475,0.0016046
0.000437691,0.152317,-0.000378286,0.00165738
0.00042298,0.152317,-0.00019034,0.00168931
0.000415362,0.152317,-3.41987e-17,-0.0017
0.00042298,0.152317,-0.00019034,-0.00168931
0.000437691,0.152317,-0.000378286,-0.00165738
0.000450302,0.152317,-0.000561475,-0.0016046
0.000459415,0.152317,-0.000737603,-0.00153165
0.000465387,0.152317,-0.000904455,-0.00143943
0.000468776,0.152317,-0.00105993,-0.00132911
0.000469965,0.152317,-0.00120208,-0.00120208
0.000469083,0.152317,-0.00132911,-0.00105993
0.000465998,0.152317,-0.00143943,-0.000904455
0.000460321,0.152317,-0.00153165,-0.000737603
0.00045149,0.152317,-0.0016046,-0.000561475
0.000439145,0.152317,-0.00165738,-0.000378286
0.000424683,0.152317,-0.00168931,-0.00019034
0.000420839,0.152317,0.00168931,-0.00019034
0.000435367,0.152317,0.00165738,-0.000378286
0.000447825,0.152317,0.0016046,-0.000561475
0.000456817,0.152317,0.00153165,-0.000737603
0.000462702,0.152317,0.00143943,-0.000904455
0.000466039,0.152317,0.00132911,-0.00105993
0.000467211,0.152317,0.00120208,-0.00120208
0.00046635,0.152317,0.00105993,-0.00132911
0.00046332,0.152317,0.000904455,-0.00143943
0.000457733,0.152317,0.000737603,-0.00153165
0.000449025,0.152317,0.000561475,-0.0016046
0.000436834,0.152317,0.000378286,-0.00165738
0.000422552,0.152317,0.00019034,-0.00168931
0.000415341,0.152659,-3.35195e-17,0.0017
0.000422517,0.152659,0.00019034,0.00168931
0.000436785,0.152659,0.000378286,0.00165738
0.000448963,0.152659,0.000561475,0.0016046
0.000457658,0.152659,0.000737603,0.00153165
0.000463232,0.152659,0.000904455,0.00143943
0.00046625,0.152659,0.00105993,0.00132911
0.000467101,0.152659,0.00120208,0.00120208
0.000465918,0.152659,0.00132911,0.00105993
0.000462572,0.152659,0.00143943,0.000904455
0.00045668,0.152659,0.00153165,0.000737603
0.000447681,0.152659,0.0016046,0.000561475
0.000435217,0.152659,0.00165738,0.000378286
0.000420686,0.152659,0.00168931,0.00019034
0.00041327,0.152659,0.0017,-3.77476e-19
0.000417407,0.152659,-0.0017,3.77476e-19
0.000424799,0.152659,-0.00168931,0.00019034
0.00043926,0.152659,-0.00165738,0.000378286
0.000451601,0.152659,-0.0016046,0.000561475
0.000460427,0.152659,-0.00153165,0.000737603
0.000466096,0.152659,-0.00143943,0.000904455
0.000469173,0.152659,-0.00132911,0.00105993
0.000470045,0.152659,-0.00120208,0.00120208
0.000468845,0.152659,-0.00105993,0.00132911
0.000465443,0.152659,-0.000904455,0.00143943
0.000459458,0.152659,-0.000737603,0.00153165
0.00045033,0.152659,-0.000561475,0.0016046
0.000437702,0.152659,-0.000378286,0.00165738
0.000422975,0.152659,-0.00019034,0.00168931
0.000415341,0.152659,-3.42745e-17,-0.0017
0.000422975,0.152659,-0.00019034,-0.00168931
0.000437702,0.152659,-0.000378286,-0.00165738
0.00045033,0.152659,-0.000561475,-0.0016046
0.000459458,0.152659,-0.000737603,-0.00153165
0.000465443,0.152659,-0.000904455,-0.00143943
0.000468845,0.152659,-0.00105993,-0.00132911
0.000470045,0.152659,-0.00120208,-0.00120208
0.000469173,0.152659,-0.00132911,-0.00105993
0.000466096,0.152659,-0.00143943,-0.000904455
0.000460427,0.152659,-0.00153165,-0.000737603
0.000451601,0.152659,-0.0016046,-0.000561475
0.00043926,0.152659,-0.00165738,-0.000378286
0.000424799,0.152659,-0.00168931,-0.00019034
0.000420685,0.152659,0.00168931,-0.00019034
0.000435216,0.152659,0.00165738,-0.000378286
0.00044768,0.152659,0.0016046,-0.000561475
0.00045668,0.152659,0.00153165,-0.000737603
0.000462572,0.152659,0.00143943,-0.000904455
0.000465918,0.152659,0.00132911,-0.00105993
0.000467101,0.152659,0.00120208,-0.00120208
0.00046625,0.152659,0.00105993,-0.00132911
0.000463232,0.152659,0.000904455,-0.00143943
0.000457658,0.152659,0.000737603,-0.00153165
0.000448963,0.152659,0.000561475,-0.0016046
0.000436785,0.152659,0.000378286,-0.00165738
0.000422517,0.152659,0.00019034,-0.00168931
0.000415353,0.153,-3.35953e-17,0.0017
0.000422514,0.153,0.00019034,0.00168931
0.000436771,0.153,0.000378286,0.00165738
0.000448936,0.153,0.000561475,0.0016046
0.000457619,0.153,0.000737603,0.00153165
0.000463182,0.153,0.000904455,0.00143943
0.000466189,0.153,0.00105993,0.00132911
0.000467029,0.153,0.00120208,0.00120208
0.000465836,0.153,0.00132911,0.00105993
0.000462482,0.153,0.00143943,0.000904455
0.000456582,0.153,0.00153165,0.000737603
0.000447576,0.153,0.0016046,0.000561475
0.000435105,0.153,0.00165738,0.000378286
0.000420569,0.153,0.00168931,0.00019034
0.000413151,0.153,0.0017,-3.77476e-19
0.000417549,0.153,-0.0017,3.77476e-19
0.000424941,0.153,-0.00168931,0.00019034
0.0004394,0.153,-0.00165738,0.000378286
0.000451739,0.153,-0.0016046,0.000561475
0.000460559,0.153,-0.00153165,0.000737603
0.000466223,0.153,-0.00143943,0.000904455
0.000469292,0.153,-0.00132911,0.00105993
0.000470154,0.153,-0.00120208,0.00120208
0.000468943,0.153,-0.00105993,0.00132911
0.000465529,0.153,-0.000904455,0.00143943
0.000459531,0.153,-0.000737603,0.00153165
0.000450388,0.153,-0.000561475,0.0016046
0.000437745,0.153,-0.000378286,0.00165738
0.000423002,0.153,-0.00019034,0.00168931
0.000415353,0.153,-3.43503e-17,-0.0017
0.000423002,0.153,-0.00019034,-0.00168931
0.000437745,0.153,-0.000378286,-0.00165738
0.000450388,0.153,-0.000561475,-0.0016046
0.000459531,0.153,-0.000737603,-0.00153165
0.000465529,0.153,-0.000904455,-0.00143943
0.000468943,0.153,-0.00105993,-0.00132911
0.000470154,0.153,-0.00120208,-0.00120208
0.000469292,0.153,-0.00132911,-0.00105993
0.000466223,0.153,-0.00143943,-0.000904455
0.000460559,0.153,-0.00153165,-0.000737603
0.000451739,0.153,-0.0016046,-0.000561475
0.0004394,0.153,-0.00165738,-0.000378286
0.000424941,0.153,-0.00168931,-0.00019034
0.000420567,0.153,0.00168931,-0.00019034
0.000435104,0.153,0.00165738,-0.000378286
0.000447574,0.153,0.0016046,-0.000561475
0.000456582,0.153,0.00153165,-0.000737603
0.000462482,0.153,0.00143943,-0.000904455
0.000465836,0.153,0.00132911,-0.00105993
0.000467029,0.153,0.00120208,-0.00120208
0.000466189,0.153,0.00105993,-0.00132911
0.000463182,0.153,0.000904455,-0.00143943
0.000457619,0.153,0.000737603,-0.00153165
0.000448936,0.153,0.000561475,-0.0016046
0.000436771,0.153,0.000378286,-0.00165738
0.000422514,0.153,0.00019034,-0.00168931
0.000421386,0.051,0.00019034,0.00168931
0.000413991,0.051,-1.09468e-17,0.0017
0.000435865,0.051,0.000378286,0.00165738
0.000448252,0.051,0.000561475,0.0016046
0.000457154,0.051,0.000737603,0.00153165
0.000462927,0.051,0.000904455,0.00143943
0.000466134,0.051,0.00105993,0.00132911
0.00046716,0.051,0.00120208,0.00120208
0.000466135,0.051,0.00132911,0.00105993
0.000462929,0.051,0.00143943,0.000904455
0.000457156,0.051,0.00153165,0.000737603
0.000448255,0.051,0.0016046,0.000561475
0.000435869,0.051,0.00165738,0.000378286
0.00042139,0.051,0.00168931,0.00019034
0.000413996,0.051,0.0017,-3.77476e-19
0.00042138,0.051,-0.00168931,0.00019034
0.000413985,0.051,-0.0017,3.77476e-19
0.000435858,0.051,-0.00165738,0.000378286
0.000448246,0.051,-0.0016046,0.000561475
0.000457146,0.051,-0.00153165,0.000737603
0.000462919,0.051,-0.00143943,0.000904455
0.000466126,0.051,-0.00132911,0.00105993
0.000467151,0.051,-0.00120208,0.00120208
0.000466127,0.051,-0.00105993,0.00132911
0.000462922,0.051,-0.000904455,0.00143943
0.000457149,0.051,-0.000737603,0.00153165
0.000448249,0.051,-0.000561475,0.0016046
0.000435863,0.051,-0.000378286,0.00165738
0.000421384,0.051,-0.00019034,0.00168931
0.000421384,0.051,-0.00019034,-0.00168931
0.00041399,0.051,-1.17018e-17,-0.0017
0.000435863,0.051,-0.000378286,-0.00165738
0.000448249,0.051,-0.000561475,-0.0016046
0.000457149,0.051,-0.000737603,-0.00153165
0.000462921,0.051,-0.000904455,-0.00143943
0.000466126,0.051,-0.00105993,-0.00132911
0.000467151,0.051,-0.00120208,-0.00120208
0.000466126,0.051,-0.00132911,-0.00105993
0.000462919,0.051,-0.00143943,-0.000904455
0.000457146,0.051,-0.00153165,-0.000737603
0.000448245,0.051,-0.0016046,-0.000561475
0.000435858,0.051,-0.00165738,-0.000378286
0.00042138,0.051,-0.00168931,-0.00019034
0.00042139,0.051,0.00168931,-0.00019034
0.000435869,0.051,0.00165738,-0.000378286
0.000448255,0.051,0.0016046,-0.000561475
0.000457156,0.051,0.00153165,-0.000737603
0.000462929,0.051,0.00143943,-0.000904455
0.000466135,0.051,0.00132911,-0.00105993
0.00046716,0.051,0.00120208,-0.00120208
0.000466135,0.051,0.00105993,-0.00132911
0.000462928,0.051,0.000904455,-0.00143943
0.000457154,0.051,0.000737603,-0.00153165
0.000448252,0.051,0.000561475,-0.0016046
0.000435865,0.051,0.000378286,-0.00165738
0.000421385,0.051,0.00019034,-0.00168931
